4,0.923077,0.493590,1.040418,0.024756,0.004371,0.243517,0.248204,-0.418279,-0.251567,-1.041935,-1.141989
6,0.814815,0.607744,0.986747,-0.036137,-0.029907,0.273723,0.275027,0.048744,0.061512,-1.406088,-1.299524
2,0.923077,0.631410,1.021968,0.003701,-0.007126,0.245290,0.291636,-0.123641,-0.070463,-1.086699,-1.458473
5,0.884615,0.637124,1.027537,-0.009985,-0.023117,0.256690,0.280125,-0.019779,0.037788,-1.302067,-1.308315
8,0.884615,0.551839,0.993780,-0.024769,-0.021795,0.280805,0.270780,-0.031904,0.056538,-1.535029,-1.230863
9,0.814815,0.614478,0.979656,-0.014695,-0.004617,0.272267,0.271386,-0.034529,-0.093484,-1.402617,-1.236123
8,0.851852,0.557166,1.028280,-0.018221,-0.031471,0.281516,0.275957,0.006377,0.054327,-1.522265,-1.267877
1,0.629630,0.551198,1.295150,0.083585,-0.049407,0.223146,0.254438,-0.654635,0.302911,-0.361711,-1.059541
3,0.846154,0.611888,1.125027,0.027403,-0.031209,0.252269,0.288611,-0.278462,0.093747,-1.115210,-1.426744
7,0.814815,0.469697,1.203498,-0.021668,-0.102549,0.209040,0.285031,-0.032171,0.425767,-0.580448,-1.226720
7,0.785714,0.483766,1.203659,-0.026846,-0.106903,0.210079,0.278282,0.061352,0.438697,-0.625856,-1.162242
5,0.851852,0.644122,0.961895,-0.025109,-0.006296,0.256239,0.278375,0.028824,-0.086968,-1.284587,-1.268445
6,0.846154,0.597902,0.983026,-0.034024,-0.025978,0.275714,0.276418,0.104535,0.074352,-1.408351,-1.271068
9,0.846154,0.603147,1.004924,-0.009750,-0.012152,0.273959,0.273435,-0.089402,-0.054532,-1.398241,-1.269691
1,0.607143,0.539916,1.290029,0.088006,-0.044191,0.223056,0.256187,-0.692990,0.277758,-0.306920,-1.076034
4,0.888889,0.472222,1.081361,0.036492,-0.003873,0.244815,0.257485,-0.476339,-0.146108,-0.990548,-1.254255
4,0.857143,0.474702,0.996021,0.013845,0.015898,0.243436,0.249926,-0.379197,-0.343384,-1.061300,-1.078407
5,0.777778,0.620811,1.017290,-0.014475,-0.022727,0.265892,0.287415,-0.008410,0.036023,-1.345160,-1.347053
2,0.851852,0.607085,0.992832,-0.003633,-0.000049,0.247779,0.285883,-0.092210,-0.007198,-1.116062,-1.446622
6,0.851852,0.576490,1.058920,-0.028054,-0.054314,0.271243,0.266037,0.067833,0.145332,-1.400653,-1.207141
9,0.814815,0.592593,0.988824,-0.007877,-0.002315,0.274131,0.275311,-0.127337,-0.130734,-1.413218,-1.249449
5,0.814815,0.659933,1.015149,-0.013335,-0.020597,0.254333,0.274621,-0.015255,-0.007818,-1.258581,-1.252473
8,0.740741,0.522222,0.983556,-0.025532,-0.017599,0.294379,0.284022,0.027165,0.019593,-1.604515,-1.300793
1,0.592593,0.546296,1.260146,0.078655,-0.040804,0.223875,0.251413,-0.655907,0.261157,-0.390654,-1.051501
7,0.851852,0.455717,1.267147,-0.030189,-0.129237,0.212752,0.273725,0.062819,0.601284,-0.591020,-0.963439
1,0.629630,0.544662,1.319375,0.085412,-0.056296,0.222653,0.253543,-0.643532,0.319025,-0.417957,-1.016984
8,0.846154,0.527972,0.958315,-0.033414,-0.013118,0.276809,0.280520,-0.034048,-0.029574,-1.529055,-1.286302
7,0.814815,0.449495,1.218308,-0.037283,-0.120197,0.213517,0.278484,0.129545,0.527386,-0.645344,-1.078145
5,0.846154,0.627622,1.013642,-0.023803,-0.030212,0.263356,0.278469,0.006378,0.035495,-1.331793,-1.285096
2,0.851852,0.610306,1.006881,-0.007629,-0.010994,0.250474,0.297356,-0.059134,-0.013415,-1.154623,-1.491890
6,0.884615,0.555184,1.017589,-0.028811,-0.036956,0.276835,0.271524,0.067836,0.140253,-1.442305,-1.205856
5,0.807692,0.641026,1.027896,-0.015646,-0.028791,0.262604,0.280253,-0.006266,0.046783,-1.310123,-1.312611
7,0.777778,0.456790,1.199846,-0.022155,-0.101745,0.205453,0.287093,0.010460,0.417398,-0.563968,-1.238760
8,0.740741,0.522222,0.993251,-0.019681,-0.016417,0.294603,0.288915,-0.040857,-0.000965,-1.600980,-1.353747
1,0.653846,0.538462,1.293188,0.081809,-0.050097,0.221985,0.250710,-0.680676,0.282973,-0.308311,-1.015904
2,0.846154,0.608392,1.001716,-0.007445,-0.008289,0.248793,0.291403,-0.060601,-0.013318,-1.144518,-1.460982
3,0.777778,0.574956,1.106004,0.024102,-0.026130,0.253467,0.290144,-0.296084,0.020879,-1.127315,-1.455042
6,0.807692,0.538462,1.029011,-0.032880,-0.046049,0.279793,0.279495,0.087308,0.205954,-1.453148,-1.271731
9,0.807692,0.556777,1.003170,-0.002350,-0.003922,0.278435,0.278526,-0.077991,-0.135896,-1.450098,-1.296287
7,0.884615,0.416388,1.251553,-0.023660,-0.119401,0.209181,0.283574,0.005218,0.489727,-0.565974,-1.165688
5,0.920000,0.589565,1.051632,0.000192,-0.024366,0.256227,0.282901,-0.022793,0.022239,-1.312852,-1.316714
5,0.840000,0.590476,1.027804,-0.005991,-0.019355,0.252450,0.280313,0.016155,-0.036481,-1.298961,-1.326222
8,0.800000,0.538000,0.986982,-0.018030,-0.011673,0.294635,0.278228,-0.079825,-0.056768,-1.598133,-1.284373
4,0.884615,0.451505,0.997591,0.010306,0.011538,0.245841,0.255283,-0.398183,-0.258406,-1.085776,-1.214553
6,0.807692,0.589744,1.021396,-0.032978,-0.042762,0.272374,0.273872,0.076441,0.182460,-1.418617,-1.232167
2,0.846154,0.594406,1.043175,-0.001070,-0.021719,0.250062,0.285747,-0.080976,-0.014503,-1.140989,-1.466389
6,0.846154,0.569930,1.018955,-0.030675,-0.039405,0.271320,0.275554,0.057749,0.106963,-1.431693,-1.271533
5,0.807692,0.644689,1.016351,-0.013258,-0.021088,0.261324,0.278602,0.015244,0.002501,-1.333856,-1.308763
1,0.592593,0.511574,1.343644,0.097851,-0.055053,0.215532,0.251903,-0.778325,0.311155,-0.097917,-0.989285
9,0.769231,0.573077,0.980145,-0.012584,-0.002710,0.282964,0.287729,-0.093639,-0.117492,-1.482472,-1.361539
3,0.807692,0.617216,1.038543,0.003745,-0.014951,0.249665,0.286640,-0.210275,0.000547,-1.135793,-1.439420
8,0.807692,0.549451,1.009931,-0.008889,-0.013718,0.280011,0.278692,-0.050871,0.003702,-1.538798,-1.295711
3,0.807692,0.611722,1.058730,0.009980,-0.018310,0.246137,0.284820,-0.239372,-0.023856,-1.111524,-1.393445
4,0.920000,0.499130,1.013285,0.016740,0.009965,0.244727,0.256430,-0.370800,-0.296959,-1.097078,-1.176950
9,0.769231,0.569231,0.974498,-0.008446,0.004418,0.277512,0.279261,-0.111243,-0.166839,-1.436383,-1.273035
1,0.615385,0.509615,1.330266,0.093455,-0.053882,0.220950,0.249216,-0.762443,0.327422,-0.228987,-0.986351
5,0.807692,0.644689,1.008618,-0.020157,-0.024257,0.259267,0.277684,0.001742,0.008606,-1.290498,-1.304339
2,0.840000,0.611429,1.007947,-0.018321,-0.022118,0.252240,0.291737,-0.017611,0.047819,-1.191340,-1.431593
2,0.814815,0.629630,0.976844,-0.013126,-0.001584,0.252003,0.289420,-0.043117,-0.058548,-1.175212,-1.445530
4,0.814815,0.488215,1.060858,0.030564,0.000128,0.250166,0.253796,-0.447401,-0.227952,-1.051408,-1.211650
8,0.777778,0.552028,1.006799,-0.024418,-0.027630,0.283287,0.278063,0.067324,0.057173,-1.523224,-1.287252
3,0.800000,0.588000,1.095958,0.027551,-0.018639,0.249756,0.288668,-0.297792,0.024131,-1.108130,-1.448535
6,0.840000,0.580952,1.005817,-0.035675,-0.038361,0.268446,0.268208,0.070820,0.146398,-1.403615,-1.184199
5,0.807692,0.624542,0.988947,-0.030512,-0.025265,0.258267,0.275831,0.023713,-0.016470,-1.285503,-1.272422
7,0.807692,0.467033,1.242388,-0.013539,-0.108446,0.212101,0.280167,-0.053220,0.457104,-0.659365,-1.161081
6,0.769231,0.563462,0.994661,-0.040273,-0.037805,0.275450,0.276242,0.099368,0.151404,-1.438592,-1.263767
8,0.800000,0.550000,1.009967,-0.017273,-0.022036,0.288246,0.281054,0.004459,0.014166,-1.569932,-1.281888
6,0.807692,0.582418,0.994927,-0.038035,-0.035680,0.275006,0.273788,0.091810,0.096696,-1.426876,-1.253729
2,0.880000,0.610909,1.000275,-0.008793,-0.008929,0.245302,0.289974,-0.033864,-0.017615,-1.128749,-1.453756
1,0.600000,0.552000,1.294584,0.068116,-0.061159,0.224769,0.251563,-0.610040,0.326663,-0.503728,-1.005045
4,0.851852,0.478261,1.049746,0.028473,0.003429,0.248313,0.253600,-0.421726,-0.237745,-1.073761,-1.165795
7,0.840000,0.468571,1.147142,-0.043941,-0.102439,0.207679,0.281339,0.136320,0.415622,-0.616676,-1.205201
1,0.576923,0.541026,1.280430,0.078831,-0.047940,0.217038,0.252839,-0.656265,0.286519,-0.318304,-1.042978
9,0.846154,0.568182,1.015873,-0.007692,-0.015385,0.269028,0.265852,-0.094069,-0.123847,-1.379057,-1.205282
6,0.800000,0.580000,1.020027,-0.038103,-0.047172,0.281103,0.279130,0.064855,0.207066,-1.476875,-1.253039
8,0.769231,0.542308,0.966852,-0.026596,-0.010366,0.291184,0.280516,-0.029814,-0.013042,-1.585449,-1.275743
2,0.920000,0.591304,0.998019,-0.007801,-0.006824,0.236779,0.290881,-0.095620,-0.016458,-1.084945,-1.466086
1,0.629630,0.544662,1.310608,0.088706,-0.050815,0.219718,0.253402,-0.682729,0.292676,-0.254446,-1.054676
9,0.840000,0.605714,0.979306,-0.007637,0.002767,0.276131,0.274014,-0.080515,-0.140538,-1.435504,-1.252897
6,0.800000,0.574000,1.009352,-0.037456,-0.041742,0.278732,0.276170,0.107889,0.162886,-1.453025,-1.243015
4,0.920000,0.480000,1.038320,0.021267,0.002029,0.250066,0.250838,-0.409340,-0.256795,-1.111366,-1.164797
9,0.807692,0.565934,0.997512,-0.010556,-0.009335,0.275776,0.278601,-0.058595,-0.036835,-1.434857,-1.312294
1,0.592593,0.541667,1.224713,0.057692,-0.044634,0.211913,0.258892,-0.579932,0.258936,-0.381550,-1.083969
4,0.888889,0.476852,1.001486,0.014968,0.014204,0.242946,0.248468,-0.387493,-0.321021,-1.053409,-1.111648
6,0.777778,0.582011,1.040651,-0.025108,-0.043659,0.274252,0.278375,0.044393,0.184532,-1.408405,-1.267515
6,0.807692,0.575092,0.995909,-0.038520,-0.036624,0.278720,0.277710,0.107876,0.086897,-1.447123,-1.295306
3,0.807692,0.624542,1.062549,0.012219,-0.017934,0.253280,0.286584,-0.222846,-0.007084,-1.164571,-1.424926
8,0.807692,0.521978,1.012312,-0.021303,-0.027126,0.292211,0.278187,0.054136,0.083356,-1.591577,-1.254607
7,0.846154,0.480769,1.211290,-0.024463,-0.107413,0.211681,0.280112,0.015315,0.461249,-0.609613,-1.172836
5,0.777778,0.661376,1.007994,-0.016063,-0.019901,0.260810,0.276958,0.005614,0.011182,-1.302553,-1.268486
1,0.629630,0.549020,1.287730,0.082166,-0.047913,0.225276,0.258481,-0.646201,0.286431,-0.421026,-1.090961
5,0.740741,0.627778,1.055852,-0.015044,-0.040697,0.256301,0.274552,-0.017071,0.075300,-1.283809,-1.299812
4,0.851852,0.468599,1.041332,0.031600,0.010500,0.251986,0.249377,-0.411708,-0.256090,-1.139409,-1.134608
7,0.777778,0.485009,1.216860,-0.022597,-0.107677,0.213285,0.275242,0.024465,0.438616,-0.711880,-1.130651
8,0.814815,0.567340,1.013675,-0.014162,-0.020717,0.280006,0.277298,-0.036300,0.035733,-1.526590,-1.282666
9,0.777778,0.560847,0.968603,-0.012878,0.002912,0.274324,0.272654,-0.043033,-0.141780,-1.438643,-1.240607
4,0.814815,0.461279,1.077711,0.034340,-0.004190,0.245885,0.253041,-0.489315,-0.173012,-1.021172,-1.194658
8,0.777778,0.552028,1.018359,-0.023657,-0.032245,0.292042,0.283612,0.013813,0.069684,-1.577876,-1.323849
2,0.884615,0.588629,1.067577,0.020257,-0.012675,0.240610,0.292798,-0.082395,0.012592,-1.142853,-1.446758
5,0.814815,0.644781,1.042459,-0.011987,-0.031863,0.261720,0.280907,-0.010861,0.084885,-1.310694,-1.309000
7,0.814815,0.473064,1.213497,-0.015529,-0.100764,0.210294,0.282520,0.014008,0.394297,-0.640697,-1.229104
1,0.576923,0.530769,1.287701,0.081643,-0.048309,0.218720,0.250659,-0.706496,0.267162,-0.262424,-1.003994
3,0.807692,0.604396,1.081382,0.019769,-0.019347,0.253254,0.286744,-0.249135,-0.014119,-1.172161,-1.407500
5,0.777778,0.620811,1.024623,-0.001488,-0.013468,0.259425,0.273093,-0.039826,0.052339,-1.316616,-1.294338
9,0.814815,0.585859,0.989490,-0.008098,-0.002874,0.271469,0.276066,-0.047997,-0.078639,-1.427441,-1.279779
3,0.846154,0.608392,1.047435,0.010057,-0.013042,0.248486,0.283281,-0.229055,-0.042644,-1.152848,-1.398648
2,0.846154,0.608392,1.028971,0.002090,-0.012047,0.245924,0.291871,-0.077285,0.010980,-1.114556,-1.458449
3,0.777778,0.589065,1.063712,0.027374,-0.004214,0.246942,0.279581,-0.269530,-0.022531,-1.090060,-1.410865
4,0.851852,0.481481,1.070836,0.036280,0.000805,0.243312,0.249585,-0.461436,-0.234377,-1.003890,-1.147556
1,0.653846,0.533937,1.302467,0.092223,-0.045306,0.219055,0.254044,-0.705427,0.277868,-0.223275,-1.052018
8,0.807692,0.560440,0.984078,-0.021320,-0.013575,0.287597,0.278745,-0.011377,-0.042328,-1.559487,-1.254636
8,0.777778,0.557319,0.962276,-0.031043,-0.012658,0.286101,0.279679,0.006226,-0.014440,-1.543023,-1.257209
6,0.846154,0.585664,0.976196,-0.043284,-0.032147,0.272855,0.274170,0.109479,0.100016,-1.417206,-1.234883
1,0.592593,0.527778,1.313451,0.089090,-0.051494,0.219339,0.255967,-0.723484,0.320490,-0.229662,-1.045686
5,0.846154,0.648601,1.018976,-0.011639,-0.020734,0.257853,0.276341,-0.007504,-0.003036,-1.298807,-1.273320
7,0.846154,0.447552,1.187275,-0.036399,-0.109525,0.206459,0.281884,0.101172,0.437653,-0.561109,-1.202720
4,0.851852,0.486312,1.087532,0.043766,0.000000,0.245407,0.244556,-0.511559,-0.210216,-0.952359,-1.099144
7,0.814815,0.474747,1.272061,-0.010155,-0.114920,0.209810,0.278088,-0.080526,0.511193,-0.546994,-1.103417
4,0.884615,0.486622,1.046480,0.028911,0.005419,0.248561,0.250619,-0.432697,-0.245085,-1.074708,-1.144793
3,0.814815,0.601010,1.072477,0.016934,-0.018000,0.241191,0.278082,-0.254296,-0.047918,-1.082938,-1.371904
2,0.814815,0.627946,0.991115,-0.014136,-0.009781,0.247465,0.288395,-0.012008,0.012492,-1.143169,-1.428943
9,0.846154,0.569930,0.989350,-0.014780,-0.009556,0.273699,0.274636,-0.075552,-0.051396,-1.426668,-1.269392
5,0.821429,0.582298,1.019251,-0.011536,-0.020762,0.244542,0.269392,-0.052397,0.008389,-1.245718,-1.325067
2,0.814815,0.631313,1.028550,-0.007515,-0.021185,0.255078,0.284003,-0.077123,-0.011715,-1.172924,-1.451891
4,0.888889,0.478395,1.056575,0.031317,0.002867,0.247832,0.252041,-0.445339,-0.240036,-1.043295,-1.195020
5,0.777778,0.671958,0.997347,-0.024934,-0.023671,0.266039,0.279892,0.007397,0.000028,-1.331337,-1.295916
3,0.777778,0.629630,1.078933,0.017807,-0.020075,0.251335,0.284083,-0.243273,0.038580,-1.161065,-1.392800
1,0.592593,0.548611,1.271468,0.073840,-0.048679,0.229467,0.252096,-0.654651,0.298859,-0.477272,-1.004090
9,0.814815,0.587542,0.956501,-0.018755,0.003131,0.273603,0.276339,-0.089995,-0.158570,-1.415291,-1.248201
1,0.592593,0.539352,1.313445,0.080204,-0.058258,0.225246,0.254794,-0.674203,0.332170,-0.413244,-1.025796
3,0.814815,0.607744,1.042951,0.012969,-0.008156,0.247295,0.286640,-0.261215,-0.047845,-1.111845,-1.427156
2,0.884615,0.615385,1.003279,-0.007798,-0.009406,0.247601,0.294657,-0.085679,-0.030807,-1.145628,-1.479139
3,0.750000,0.596939,1.107828,0.011193,-0.038563,0.248928,0.277574,-0.225733,0.042697,-1.128809,-1.401496
8,0.777778,0.546737,0.969715,-0.026728,-0.011947,0.290197,0.281224,0.035965,0.020769,-1.570521,-1.310062
4,0.888889,0.464506,1.024221,0.017719,0.005476,0.237288,0.252384,-0.404608,-0.276133,-1.004361,-1.166508
9,0.777778,0.574956,0.969346,-0.010371,0.005112,0.277615,0.272346,-0.066023,-0.209619,-1.421574,-1.220942
7,0.777778,0.449735,1.233622,-0.000280,-0.094916,0.214499,0.269122,-0.134247,0.488422,-0.597769,-1.106819
6,0.807692,0.611722,0.983835,-0.043770,-0.036274,0.274300,0.274969,0.150159,0.123068,-1.392909,-1.240767
3,0.846154,0.620629,1.075917,0.021639,-0.015168,0.251583,0.288652,-0.252413,-0.030722,-1.129477,-1.437440
8,0.785714,0.555195,0.957097,-0.026449,-0.005221,0.274975,0.275481,-0.001058,-0.022579,-1.481838,-1.257092
2,0.814815,0.636364,1.018859,-0.003848,-0.013032,0.248053,0.290102,-0.068451,0.013690,-1.135776,-1.442289
5,0.814815,0.681818,1.007880,-0.022559,-0.026292,0.256325,0.273653,-0.011379,0.025543,-1.266482,-1.250524
1,0.592593,0.557870,1.269041,0.078060,-0.044491,0.220346,0.251998,-0.639704,0.259704,-0.331984,-1.038139
8,0.814815,0.558923,0.979260,-0.017798,-0.007586,0.286142,0.279283,-0.006130,-0.038906,-1.546074,-1.298070
4,0.846154,0.519231,1.058826,0.032293,0.002720,0.248363,0.255668,-0.401004,-0.229563,-1.071553,-1.223830
2,0.884615,0.628763,1.023605,-0.004741,-0.016162,0.248859,0.290735,-0.072521,0.033064,-1.144173,-1.448211
3,0.846154,0.585664,1.071842,0.015739,-0.018829,0.242467,0.284552,-0.266978,-0.039845,-1.082235,-1.409605
5,0.846154,0.617133,1.040929,0.002318,-0.017433,0.253278,0.281064,0.010690,-0.027563,-1.297527,-1.308956
9,0.814815,0.575758,1.001396,-0.009171,-0.009855,0.267468,0.269023,-0.097295,-0.095025,-1.363906,-1.235239
6,0.884615,0.595318,1.029221,-0.021861,-0.035436,0.273417,0.272896,0.050400,0.120866,-1.414408,-1.239231
8,0.769231,0.548077,0.985035,-0.022105,-0.014845,0.294944,0.281873,-0.025301,-0.001179,-1.602247,-1.265868
5,0.880000,0.641818,1.027833,-0.004893,-0.018300,0.257220,0.273599,-0.034435,-0.006422,-1.273085,-1.260117
3,0.807692,0.600733,1.103316,0.030052,-0.019583,0.251665,0.288808,-0.302720,0.001354,-1.107046,-1.423862
6,0.846154,0.610140,0.986694,-0.035686,-0.029425,0.272780,0.277570,0.047475,0.100722,-1.419916,-1.296627
7,0.846154,0.470280,1.227727,-0.025515,-0.113526,0.213277,0.278367,0.044898,0.505429,-0.604640,-1.097625
9,0.851852,0.624799,0.973888,-0.013335,-0.000286,0.270887,0.272432,-0.047107,-0.120322,-1.391988,-1.233074
5,0.821429,0.627329,1.003541,-0.028304,-0.029968,0.255122,0.264203,0.040848,-0.063981,-1.248814,-1.240035
4,0.857143,0.465774,1.037679,0.025825,0.006732,0.243160,0.249885,-0.440379,-0.302655,-1.021497,-1.125547
9,0.846154,0.596154,0.936687,-0.018662,0.013873,0.276671,0.271729,-0.075048,-0.201060,-1.417593,-1.200975
3,0.785714,0.602273,1.070259,0.025239,-0.009241,0.248736,0.288208,-0.275312,-0.022046,-1.094587,-1.428886
3,0.851852,0.590982,1.093868,0.022924,-0.021950,0.247830,0.282377,-0.253888,-0.030156,-1.081708,-1.427520
6,0.807692,0.582418,1.015018,-0.030548,-0.037494,0.284970,0.281275,0.056248,0.134021,-1.485385,-1.293059
7,0.884615,0.446488,1.208294,-0.032487,-0.113080,0.207141,0.283939,0.097155,0.480420,-0.494820,-1.183440
7,0.884615,0.461538,1.223905,-0.017328,-0.105630,0.209274,0.283775,-0.010302,0.438167,-0.596183,-1.200675
5,0.814815,0.654882,1.032917,-0.014373,-0.029849,0.256654,0.277661,-0.023547,0.037024,-1.271192,-1.297177
9,0.814815,0.616162,0.970761,-0.015897,-0.001316,0.272138,0.274030,-0.027686,-0.102870,-1.396624,-1.264140
7,0.884615,0.456522,1.249211,-0.017598,-0.113835,0.212305,0.279271,-0.040532,0.478730,-0.574278,-1.144791
1,0.629630,0.520697,1.327824,0.096111,-0.051062,0.220879,0.253975,-0.750784,0.308668,-0.204734,-1.028123
8,0.777778,0.548501,0.989781,-0.015541,-0.010539,0.282375,0.281709,-0.013818,-0.031068,-1.537414,-1.294430
2,0.851852,0.589372,1.006144,0.007246,0.004149,0.244316,0.292549,-0.135834,-0.073563,-1.094984,-1.477681
3,0.846154,0.576923,1.088443,0.033058,-0.010256,0.249588,0.291194,-0.279370,-0.052994,-1.142604,-1.452059
4,0.851852,0.475040,1.031073,0.021297,0.005587,0.249261,0.254693,-0.388548,-0.271000,-1.095054,-1.174413
6,0.846154,0.562937,1.039951,-0.023998,-0.042284,0.278891,0.274954,0.097138,0.181747,-1.454052,-1.209035
1,0.629630,0.559913,1.287800,0.078851,-0.050512,0.225571,0.254842,-0.635247,0.302215,-0.410993,-1.030899
4,0.888889,0.478395,1.019986,0.018280,0.008124,0.245537,0.249749,-0.372794,-0.285606,-1.094375,-1.130774
6,0.777778,0.566138,0.994192,-0.040128,-0.037441,0.278407,0.277532,0.077992,0.155222,-1.459577,-1.272952
7,0.851852,0.457327,1.294989,-0.010410,-0.121935,0.214261,0.278492,-0.054818,0.557543,-0.604955,-1.048448
8,0.846154,0.531469,1.002670,-0.020484,-0.021761,0.288938,0.279845,-0.113396,0.025095,-1.561885,-1.274685
6,0.846154,0.573427,1.018209,-0.029102,-0.037523,0.275396,0.267873,0.114269,0.159970,-1.408978,-1.130930
5,0.814815,0.631313,1.010409,-0.021091,-0.026025,0.262628,0.280505,0.034882,0.013228,-1.314356,-1.298193
2,0.888889,0.572531,1.028877,0.007300,-0.006938,0.241325,0.296645,-0.125432,-0.000609,-1.065239,-1.495995
2,0.884615,0.602007,0.995502,-0.011715,-0.009509,0.250509,0.293301,-0.058342,-0.012692,-1.163748,-1.464876
4,0.857143,0.441964,1.041627,0.020062,-0.000722,0.242572,0.249654,-0.409136,-0.258096,-1.063917,-1.111013
1,0.555556,0.496296,1.308296,0.095688,-0.044684,0.216547,0.249824,-0.807283,0.302070,-0.115793,-0.956109
3,0.846154,0.573427,1.060363,0.011779,-0.017355,0.249535,0.286853,-0.240441,-0.032424,-1.157522,-1.426969
8,0.807692,0.525641,0.981267,-0.022648,-0.013535,0.294687,0.283615,0.013443,-0.000018,-1.599654,-1.311160
1,0.615385,0.536058,1.305502,0.085202,-0.051742,0.219876,0.251262,-0.693223,0.320271,-0.273263,-0.985256
8,0.846154,0.538462,1.005307,-0.003247,-0.005869,0.281428,0.276426,-0.034093,-0.102704,-1.536347,-1.251772
4,0.821429,0.486025,1.065914,0.031741,-0.001141,0.247686,0.249424,-0.443015,-0.245102,-1.035312,-1.155533
2,0.884615,0.610368,1.006422,-0.006015,-0.009168,0.243555,0.289848,-0.058901,0.018281,-1.086930,-1.462806
6,0.846154,0.578671,0.947878,-0.048750,-0.023937,0.269567,0.271962,0.124301,0.068622,-1.377757,-1.276357
9,0.880000,0.618182,0.980303,-0.007888,0.002000,0.276244,0.271329,-0.058528,-0.163545,-1.424093,-1.225773
7,0.814815,0.473064,1.223104,-0.025396,-0.111968,0.213154,0.281127,0.044152,0.501956,-0.631985,-1.131330
1,0.592593,0.557870,1.261937,0.076763,-0.042954,0.221869,0.251176,-0.634721,0.251658,-0.374424,-1.028151
3,0.750000,0.615646,1.056472,0.018022,-0.009669,0.247279,0.283189,-0.245156,-0.021694,-1.100677,-1.395198
3,0.846154,0.596154,1.109389,0.034924,-0.017821,0.249583,0.287311,-0.306187,-0.028966,-1.097065,-1.430890
6,0.807692,0.586081,1.045266,-0.032143,-0.052404,0.277667,0.273290,0.106801,0.264307,-1.421568,-1.157623
9,0.777778,0.582011,0.925936,-0.018326,0.020202,0.273835,0.264823,-0.059564,-0.159624,-1.408600,-1.209008
1,0.607143,0.552521,1.274655,0.084880,-0.041146,0.222370,0.254592,-0.677730,0.250376,-0.286299,-1.031707
3,0.846154,0.582168,1.050691,0.014060,-0.010742,0.252602,0.288493,-0.266832,-0.045760,-1.174642,-1.419435
7,0.814815,0.468013,1.239720,-0.011445,-0.105915,0.212647,0.283519,-0.073263,0.444024,-0.623079,-1.201749
6,0.814815,0.614478,1.006722,-0.024782,-0.027955,0.267139,0.271884,0.055781,0.101496,-1.381052,-1.219436
8,0.777778,0.525573,0.960647,-0.025407,-0.005966,0.290848,0.277666,0.057837,0.023633,-1.570176,-1.297432
4,0.851852,0.439614,1.034651,0.020624,0.003188,0.245792,0.248150,-0.483612,-0.246335,-1.023227,-1.103933
5,0.807692,0.626374,1.028684,-0.008911,-0.022605,0.252207,0.276056,-0.005963,0.005541,-1.257246,-1.269867
8,0.807692,0.538462,1.012705,-0.024781,-0.030743,0.290388,0.283945,0.034118,0.071071,-1.582795,-1.322458
9,0.800000,0.572000,0.974198,-0.011538,0.001399,0.280707,0.277848,-0.097009,-0.138624,-1.469111,-1.263127
2,0.807692,0.633700,1.006902,-0.007294,-0.010671,0.256403,0.291148,-0.054101,-0.033655,-1.208793,-1.434150
7,0.846154,0.465035,1.244511,-0.021702,-0.115674,0.212071,0.276180,-0.014141,0.489586,-0.632173,-1.112672
2,0.884615,0.591973,1.032539,0.006509,-0.009452,0.246587,0.292783,-0.109489,0.003087,-1.125898,-1.464241
3,0.807692,0.575092,1.102967,0.026084,-0.023028,0.248419,0.291389,-0.311035,0.016340,-1.083266,-1.462640
4,0.923077,0.442308,1.006818,0.014493,0.011009,0.245806,0.252395,-0.409602,-0.299006,-1.110263,-1.161814
9,0.814815,0.543771,0.998212,0.000422,0.001319,0.273232,0.275621,-0.056926,-0.124030,-1.443319,-1.258223
7,0.851852,0.438003,1.298040,-0.010230,-0.122685,0.207709,0.279754,-0.058475,0.533994,-0.513753,-1.090189
6,0.807692,0.560440,0.990006,-0.041083,-0.036450,0.277647,0.274513,0.079183,0.170195,-1.450034,-1.250985
4,0.851852,0.441224,1.089716,0.036020,-0.008110,0.246378,0.248880,-0.470257,-0.225334,-1.039066,-1.164156
5,0.880000,0.620000,1.017731,-0.013996,-0.022463,0.257775,0.275115,0.005586,0.015305,-1.289346,-1.235761
8,0.807692,0.514652,0.974649,-0.024148,-0.011771,0.294535,0.284920,-0.035672,-0.040167,-1.611318,-1.319396
6,0.777778,0.564374,1.013144,-0.034821,-0.040856,0.275052,0.273494,0.079954,0.163470,-1.431301,-1.220876
2,0.846154,0.592657,1.018998,-0.003218,-0.012480,0.247392,0.296746,-0.084527,0.005417,-1.136323,-1.496116
9,0.807692,0.564103,0.982956,-0.010977,-0.002498,0.285800,0.280466,-0.090657,-0.130871,-1.495064,-1.272764
2,0.884615,0.637124,1.014259,-0.004850,-0.011811,0.248471,0.292762,-0.067640,-0.021656,-1.121538,-1.467271
6,0.880000,0.603636,1.012672,-0.032585,-0.038434,0.273634,0.270101,0.063765,0.111531,-1.426135,-1.220901
5,0.851852,0.624799,1.054043,-0.004370,-0.029782,0.253434,0.271436,0.004333,-0.028398,-1.267415,-1.288665
8,0.750000,0.537415,0.987033,-0.021097,-0.014806,0.283704,0.276456,0.050028,0.053933,-1.516601,-1.295509
3,0.846154,0.606643,1.106001,0.033141,-0.017956,0.249283,0.284806,-0.282998,-0.003482,-1.109788,-1.432440
6,0.880000,0.596364,1.008310,-0.040604,-0.044390,0.279515,0.270336,0.102028,0.168811,-1.459994,-1.188553
8,0.800000,0.504000,0.997847,-0.021825,-0.020794,0.302874,0.284336,-0.048463,0.040677,-1.641019,-1.264594
7,0.851852,0.465378,1.267112,-0.009102,-0.112585,0.211073,0.278700,-0.048448,0.480774,-0.652396,-1.116242
2,0.846154,0.631119,1.013427,-0.002896,-0.009482,0.251163,0.292487,-0.081583,-0.040705,-1.159982,-1.458389
6,0.807692,0.571429,1.031354,-0.031746,-0.045981,0.277971,0.274064,0.038149,0.206953,-1.447321,-1.204661
2,0.814815,0.607744,1.011191,-0.001511,-0.007028,0.251072,0.291664,-0.060950,-0.020995,-1.178270,-1.444446
8,0.814815,0.520202,0.984738,-0.013828,-0.006293,0.281340,0.275712,-0.083069,0.004543,-1.517841,-1.319029
5,0.846154,0.634615,1.001073,-0.023541,-0.024052,0.255891,0.273201,0.034508,-0.007691,-1.269049,-1.244602
9,0.807692,0.586081,0.980973,-0.014583,-0.005168,0.273641,0.276909,-0.085727,-0.131704,-1.420787,-1.263196
6,0.880000,0.554545,0.988968,-0.042027,-0.036918,0.277804,0.278251,0.123372,0.097507,-1.456311,-1.270419
2,0.880000,0.590909,1.064513,0.005594,-0.025046,0.248620,0.295379,-0.097015,0.078840,-1.128221,-1.472444
5,0.807692,0.619048,1.038754,-0.016202,-0.034251,0.263660,0.278053,-0.007302,0.054934,-1.328728,-1.303292
3,0.807692,0.575092,1.022241,0.005611,-0.005390,0.245040,0.286370,-0.280454,-0.054165,-1.082552,-1.433526
4,0.884615,0.483278,1.080126,0.036182,-0.003593,0.246165,0.252662,-0.446279,-0.232398,-1.027933,-1.182632
5,0.807692,0.617216,1.051156,-0.008973,-0.032869,0.260332,0.282757,-0.011892,0.092437,-1.309554,-1.316669
8,0.807692,0.487179,0.989366,-0.021482,-0.016339,0.292410,0.281138,0.018025,0.070571,-1.587272,-1.324035
1,0.640000,0.527500,1.307129,0.088270,-0.049953,0.219032,0.255912,-0.713097,0.294813,-0.242650,-1.094813
9,0.840000,0.531429,0.977639,-0.004523,0.006810,0.284186,0.277540,-0.107455,-0.195416,-1.488913,-1.223168
5,0.800000,0.590000,1.035714,-0.013390,-0.030169,0.262054,0.284779,-0.012053,0.082914,-1.339319,-1.328275
2,0.880000,0.560000,1.034941,0.001476,-0.015455,0.240994,0.295592,-0.095811,0.046918,-1.077886,-1.487371
7,0.880000,0.420000,1.296214,-0.016529,-0.127013,0.212218,0.278663,-0.029443,0.550464,-0.593878,-1.082745
9,0.807692,0.521978,0.972097,-0.013952,-0.000000,0.272773,0.281285,-0.069492,-0.138076,-1.420535,-1.305833
6,0.769231,0.532692,1.035600,-0.024188,-0.040544,0.276186,0.276578,0.048171,0.158538,-1.447957,-1.256294
4,0.923077,0.431090,1.026461,0.017193,0.003860,0.242011,0.251665,-0.450439,-0.272250,-1.010702,-1.147428
7,0.840000,0.424762,1.212979,-0.028080,-0.110942,0.207424,0.285055,0.051319,0.446202,-0.600212,-1.214034
8,0.833333,0.491667,0.987449,-0.030508,-0.024541,0.302685,0.284462,-0.008723,0.043378,-1.665851,-1.295625
5,0.800000,0.610000,0.993236,-0.028197,-0.024984,0.266418,0.281811,0.017787,0.016098,-1.353813,-1.316317
9,0.769231,0.588462,0.962951,-0.020098,-0.001634,0.280567,0.281554,-0.041270,-0.134362,-1.465503,-1.337227
6,0.840000,0.617143,1.035322,-0.026308,-0.042469,0.272433,0.271200,0.026977,0.144188,-1.421416,-1.211230
2,0.807692,0.633700,0.988225,-0.016653,-0.010894,0.250750,0.291507,-0.060522,-0.030778,-1.166312,-1.454905
1,0.555556,0.540741,1.306452,0.075342,-0.059614,0.221341,0.249102,-0.653700,0.315752,-0.383876,-0.997082
7,0.807692,0.456044,1.247445,-0.015204,-0.111369,0.213535,0.279826,-0.060858,0.467643,-0.642457,-1.152238
6,0.880000,0.550909,0.948151,-0.058656,-0.034521,0.267592,0.272716,0.166931,0.042840,-1.390620,-1.274670
3,0.846154,0.611888,1.062405,0.015325,-0.014945,0.240550,0.281846,-0.233511,-0.033562,-1.087468,-1.408188
8,0.769231,0.571154,0.997634,-0.019529,-0.018389,0.281326,0.281979,-0.008825,0.021958,-1.525941,-1.306554
1,0.640000,0.575000,1.280305,0.067120,-0.057043,0.224617,0.252841,-0.560871,0.301579,-0.515164,-1.037461
7,0.840000,0.459048,1.261278,-0.007212,-0.109295,0.210924,0.281697,-0.099255,0.470815,-0.615329,-1.163281
6,0.840000,0.588571,1.018363,-0.028587,-0.037087,0.278219,0.274090,-0.007897,0.110371,-1.473745,-1.246773
9,0.807692,0.591575,0.985659,-0.011278,-0.004168,0.272165,0.275582,-0.056760,-0.118672,-1.412281,-1.276925
1,0.576923,0.561538,1.250742,0.071994,-0.042677,0.216136,0.255409,-0.575044,0.241704,-0.419398,-1.082963
3,0.807692,0.611722,1.039323,-0.001283,-0.020152,0.246557,0.282628,-0.197874,0.021352,-1.134149,-1.410128
8,0.840000,0.561905,1.027225,-0.013479,-0.026373,0.282294,0.284679,-0.008498,0.036557,-1.549264,-1.327354
8,0.800000,0.550000,0.993767,-0.030364,-0.027418,0.289563,0.280599,-0.002742,0.052307,-1.585559,-1.285094
2,0.846154,0.613636,1.019864,0.004792,-0.005041,0.243002,0.289810,-0.090238,-0.037615,-1.127088,-1.443385
5,0.807692,0.659341,1.023902,-0.019444,-0.030662,0.260432,0.275054,0.006578,0.065261,-1.303789,-1.279579
1,0.615385,0.557692,1.273104,0.078933,-0.045259,0.217945,0.253485,-0.616828,0.254416,-0.343953,-1.064650
4,0.920000,0.504348,1.034816,0.023688,0.006069,0.250540,0.253286,-0.369101,-0.285866,-1.123282,-1.193843
6,0.840000,0.590476,1.020647,-0.031029,-0.040516,0.277795,0.273228,0.041685,0.141871,-1.457314,-1.236775
9,0.840000,0.580952,1.021418,-0.003825,-0.014230,0.270924,0.271581,-0.140117,-0.063395,-1.388050,-1.239202
7,0.800000,0.464000,1.186770,-0.026724,-0.101207,0.208575,0.279403,0.054317,0.389514,-0.641831,-1.204450
7,0.846154,0.466783,1.214317,-0.029282,-0.112360,0.210473,0.278804,0.053770,0.486311,-0.578996,-1.122051
4,0.807692,0.470696,1.140401,0.049379,-0.018258,0.249466,0.248122,-0.536205,-0.124549,-0.974686,-1.129807
5,0.846154,0.645105,1.034576,-0.007514,-0.023973,0.254352,0.275872,0.003592,-0.009425,-1.291185,-1.305246
9,0.840000,0.588571,0.983127,-0.011173,-0.002783,0.275618,0.273332,-0.065850,-0.135944,-1.435473,-1.246744
2,0.846154,0.622378,1.006572,-0.002043,-0.005294,0.247126,0.288905,-0.076868,-0.030890,-1.142304,-1.448929
4,0.880000,0.485455,1.059601,0.026387,-0.003221,0.245810,0.249644,-0.445525,-0.213692,-1.035269,-1.173341
1,0.600000,0.538667,1.292276,0.077558,-0.053069,0.219105,0.249831,-0.661395,0.289536,-0.343752,-0.996609
7,0.800000,0.476000,1.216667,-0.024580,-0.109244,0.209618,0.276424,-0.004448,0.466084,-0.619119,-1.129892
8,0.800000,0.552000,0.992980,-0.023370,-0.020000,0.288707,0.282843,-0.020337,0.005255,-1.567328,-1.319622
6,0.840000,0.588571,1.012808,-0.033518,-0.039417,0.273633,0.275107,0.048713,0.127275,-1.433109,-1.289720
3,0.800000,0.616000,1.053485,0.006494,-0.019221,0.249997,0.283523,-0.216565,0.039402,-1.142204,-1.411169
7,0.814815,0.471380,1.236615,-0.027273,-0.117725,0.213638,0.275729,0.058939,0.523931,-0.674190,-1.062617
8,0.740741,0.575926,0.965611,-0.031511,-0.014827,0.289110,0.284735,0.029410,0.000511,-1.553221,-1.316908
3,0.777778,0.620811,1.088340,0.029627,-0.013363,0.250456,0.286616,-0.293903,0.004394,-1.095804,-1.430909
1,0.571429,0.575893,1.261789,0.074128,-0.044989,0.217175,0.252200,-0.560846,0.237124,-0.401768,-1.021014
9,0.777778,0.589065,0.959040,-0.017821,0.002772,0.275259,0.276785,-0.053505,-0.174541,-1.431305,-1.259681
5,0.846154,0.627622,0.972221,-0.027222,-0.013713,0.256616,0.279105,0.025345,-0.050408,-1.308712,-1.286994
6,0.740741,0.579630,0.989932,-0.037540,-0.032836,0.278137,0.281396,0.086747,0.119284,-1.447968,-1.300575
2,0.814815,0.644781,1.000562,-0.007121,-0.007398,0.247184,0.285485,-0.071090,0.005048,-1.126143,-1.421947
9,0.814815,0.592593,0.999621,0.004649,0.004840,0.263376,0.270046,-0.114015,-0.111112,-1.359169,-1.221110
7,0.758621,0.467085,1.182111,-0.033557,-0.105415,0.213813,0.267668,0.097227,0.496050,-0.648638,-1.057766
1,0.571429,0.562500,1.280394,0.076141,-0.050028,0.220812,0.256219,-0.612208,0.275476,-0.400604,-1.071137
1,0.592593,0.569444,1.274096,0.073171,-0.050136,0.221055,0.252916,-0.591153,0.281892,-0.420386,-1.034234
5,0.807692,0.684982,1.016418,-0.013114,-0.020979,0.260016,0.276152,-0.032709,0.000623,-1.279936,-1.277744
8,0.740741,0.574074,0.972214,-0.030968,-0.017563,0.288185,0.281071,0.015047,0.030336,-1.543194,-1.292977
4,0.785714,0.475649,1.064581,0.033199,0.000853,0.244660,0.249413,-0.483722,-0.166614,-1.001432,-1.191622
1,0.629630,0.588235,1.261543,0.071242,-0.047188,0.222350,0.254898,-0.535715,0.254214,-0.483940,-1.066441
7,0.814815,0.484848,1.230115,-0.021780,-0.111240,0.212624,0.276037,0.031680,0.488317,-0.653428,-1.077800
8,0.777778,0.566138,0.973970,-0.030040,-0.017480,0.283380,0.277706,-0.044955,-0.012193,-1.532069,-1.252838
9,0.814815,0.607744,0.997512,-0.010199,-0.008977,0.268943,0.269924,-0.077750,-0.097161,-1.372726,-1.224081
4,0.846154,0.484266,1.055113,0.030194,0.002499,0.248088,0.250512,-0.371117,-0.253511,-1.143574,-1.146610
3,0.807692,0.587912,1.086698,0.027073,-0.014977,0.251871,0.288832,-0.268554,-0.027226,-1.148176,-1.442062
2,0.814815,0.627946,1.015503,-0.000366,-0.007993,0.247185,0.290400,-0.074243,-0.015693,-1.131380,-1.442070
6,0.814815,0.589226,1.026108,-0.027013,-0.039048,0.274894,0.271576,0.039574,0.134941,-1.436651,-1.221153
2,0.814815,0.629630,0.990858,-0.015070,-0.010596,0.245254,0.289052,-0.031610,0.011721,-1.123557,-1.434086
9,0.807692,0.604396,0.989768,-0.015729,-0.010723,0.269636,0.273336,-0.122232,-0.095154,-1.362867,-1.235098
6,0.814815,0.577441,1.042277,-0.026637,-0.045837,0.267485,0.270587,0.152010,0.209872,-1.375885,-1.188599
1,0.615385,0.557692,1.281984,0.078933,-0.048408,0.217945,0.253140,-0.616828,0.266379,-0.343953,-1.052541
5,0.846154,0.622378,1.021415,-0.004852,-0.015233,0.249291,0.278109,0.011248,-0.054889,-1.272791,-1.281986
9,0.777778,0.578483,0.960451,-0.018148,0.001694,0.271226,0.268888,-0.091026,-0.178072,-1.393034,-1.190039
5,0.807692,0.664835,1.001587,-0.022235,-0.022992,0.267432,0.280640,0.001338,0.014932,-1.347197,-1.297360
7,0.884615,0.453177,1.310710,-0.004252,-0.121771,0.208668,0.275184,-0.136238,0.525994,-0.486422,-1.064566
4,0.851852,0.454106,1.061025,0.037619,0.006698,0.240689,0.248061,-0.470524,-0.265271,-0.979254,-1.119224
3,0.777778,0.599647,1.045980,0.006583,-0.015686,0.243478,0.282152,-0.242101,-0.022489,-1.100363,-1.413892
8,0.777778,0.569665,0.979476,-0.027053,-0.017143,0.287367,0.279025,-0.018113,0.005696,-1.549332,-1.274687
4,0.851852,0.471820,0.982845,0.003784,0.012577,0.244803,0.252684,-0.347932,-0.274792,-1.129039,-1.166012
2,0.814815,0.602694,1.015850,0.006348,-0.001552,0.244568,0.291174,-0.120319,-0.045179,-1.118828,-1.454407
3,0.769231,0.598077,1.063728,0.007395,-0.023003,0.248791,0.286929,-0.237477,0.040075,-1.135184,-1.429281
6,0.880000,0.578182,0.990338,-0.037593,-0.033082,0.267582,0.268882,0.099234,0.118571,-1.392172,-1.207730
1,0.615385,0.557692,1.266218,0.069504,-0.050232,0.217328,0.258110,-0.583345,0.252366,-0.396103,-1.095644
7,0.777778,0.476190,1.209103,-0.026808,-0.108642,0.209445,0.280255,0.061456,0.469933,-0.581816,-1.151619
5,0.846154,0.669580,1.024342,-0.012105,-0.023700,0.258167,0.273020,0.000009,0.012442,-1.270009,-1.260044
3,0.785714,0.600649,1.023661,0.004914,-0.006757,0.244193,0.274778,-0.218227,-0.016805,-1.111188,-1.380034
6,0.807692,0.591575,1.006530,-0.034129,-0.037152,0.279293,0.275711,0.056623,0.128383,-1.446251,-1.261649
7,0.846154,0.472028,1.257548,-0.010774,-0.110969,0.210460,0.278077,-0.062718,0.467690,-0.579992,-1.147853
9,0.807692,0.571429,0.972265,-0.014347,-0.000493,0.283353,0.282566,-0.113837,-0.133235,-1.467860,-1.307856
8,0.807692,0.562271,1.003632,-0.021948,-0.023678,0.289982,0.282536,-0.002242,0.039552,-1.566556,-1.290284
7,0.807692,0.463370,1.228134,-0.012705,-0.103223,0.207377,0.277506,0.046226,0.394357,-0.622261,-1.171388
5,0.846154,0.666084,1.030009,-0.007039,-0.021401,0.254984,0.276112,-0.032756,0.008042,-1.252018,-1.285011
2,0.814815,0.646465,1.012271,-0.003433,-0.009452,0.247038,0.287592,-0.082435,-0.003577,-1.116352,-1.426037
8,0.777778,0.566138,0.970304,-0.027667,-0.013211,0.287173,0.281285,-0.011901,-0.010545,-1.557005,-1.292058
9,0.814815,0.595960,0.971323,-0.015152,-0.000837,0.272520,0.272253,-0.027304,-0.119658,-1.413489,-1.256965
2,0.814815,0.648148,1.016544,-0.005077,-0.013131,0.249894,0.291384,-0.083699,-0.000657,-1.132344,-1.449865
6,0.814815,0.569024,1.017534,-0.025686,-0.033859,0.263571,0.265120,0.080284,0.159443,-1.358010,-1.161974
7,0.846154,0.470280,1.240136,-0.025684,-0.117529,0.209923,0.273827,0.028399,0.511553,-0.576118,-1.059192
3,0.777778,0.587302,1.047271,0.009367,-0.013625,0.246722,0.285648,-0.260616,0.007517,-1.111265,-1.424910
1,0.592593,0.548611,1.323706,0.081487,-0.060713,0.218868,0.255105,-0.631663,0.331989,-0.382058,-1.021427
4,0.923077,0.482372,1.021545,0.019518,0.008561,0.238399,0.249537,-0.385352,-0.267586,-0.997013,-1.142055
6,0.777778,0.578483,1.059037,-0.034698,-0.060637,0.275884,0.268853,0.059914,0.173802,-1.425329,-1.255151
7,0.814815,0.469697,1.272396,-0.013034,-0.117284,0.211399,0.276536,-0.047748,0.512369,-0.589321,-1.091434
6,0.777778,0.599647,0.997625,-0.035854,-0.034749,0.278077,0.278788,0.078829,0.128532,-1.435577,-1.303871
3,0.846154,0.601399,1.089592,0.021406,-0.021467,0.243135,0.284450,-0.267942,-0.035357,-1.037250,-1.427305
8,0.777778,0.587302,1.009152,-0.019949,-0.024302,0.286869,0.280993,-0.040151,0.051833,-1.536069,-1.309480
4,0.884615,0.479933,1.070667,0.034616,-0.000670,0.247154,0.252321,-0.426356,-0.183001,-1.062053,-1.197155
2,0.846154,0.611888,1.000687,-0.004935,-0.005275,0.240767,0.287196,-0.095887,-0.007381,-1.089257,-1.436842
9,0.814815,0.575758,0.976361,-0.014886,-0.003141,0.271272,0.272882,-0.069217,-0.115578,-1.416599,-1.235468
6,0.807692,0.571429,0.998030,-0.036172,-0.035256,0.277585,0.275335,0.123133,0.142544,-1.434557,-1.250149
4,0.923077,0.466346,1.021096,0.014462,0.003833,0.242092,0.258444,-0.361491,-0.218364,-1.075433,-1.265432
5,0.769231,0.657692,1.020367,-0.018275,-0.027890,0.261331,0.277430,0.002753,0.054710,-1.323135,-1.272939
1,0.629630,0.527233,1.281089,0.093097,-0.037037,0.222638,0.247114,-0.753405,0.225861,-0.192491,-0.969742
8,0.800000,0.564000,0.969163,-0.031915,-0.017021,0.289759,0.281100,-0.018347,0.004547,-1.566228,-1.258088
9,0.846154,0.601399,0.962293,-0.015196,0.003801,0.273395,0.270155,-0.071808,-0.156439,-1.417989,-1.208383
3,0.846154,0.589161,1.045049,0.008093,-0.013810,0.244747,0.284632,-0.261945,-0.028462,-1.123117,-1.399915
4,0.851852,0.505636,1.031612,0.022985,0.006959,0.248476,0.250703,-0.407652,-0.191024,-1.096361,-1.161732
5,0.846154,0.620629,1.046090,0.002305,-0.019827,0.251264,0.280203,0.032432,-0.011618,-1.310450,-1.301097
7,0.851852,0.460548,1.238333,-0.014898,-0.108262,0.208115,0.282371,-0.054882,0.445525,-0.548919,-1.187029
6,0.785714,0.599026,1.022067,-0.026854,-0.037069,0.279350,0.272866,0.001060,0.169389,-1.435011,-1.241616
3,0.785714,0.625000,1.065044,0.019481,-0.012245,0.252700,0.285997,-0.246825,-0.030468,-1.124287,-1.423000
6,0.814815,0.601010,1.002065,-0.028648,-0.029619,0.277340,0.278290,0.041894,0.093926,-1.425344,-1.303559
9,0.814815,0.590909,0.948598,-0.011137,0.015353,0.279219,0.275553,-0.077954,-0.236489,-1.444638,-1.203695
4,0.827586,0.462644,0.986995,0.016434,0.023238,0.245138,0.252871,-0.410488,-0.308091,-1.047237,-1.151860
3,0.821429,0.597826,1.108211,0.026143,-0.025232,0.247755,0.286294,-0.264155,-0.004648,-1.087504,-1.418077
7,0.821429,0.442547,1.204461,-0.031045,-0.110652,0.206396,0.284858,0.104301,0.454088,-0.540709,-1.182766
8,0.758621,0.556426,0.966196,-0.027273,-0.010733,0.281792,0.281588,-0.005710,-0.052173,-1.513351,-1.301729
8,0.793103,0.499250,0.939446,-0.030618,-0.000362,0.281226,0.276661,0.013266,-0.060062,-1.511891,-1.293355
2,0.821429,0.619565,1.031115,0.002452,-0.012710,0.250452,0.294450,-0.079793,0.012211,-1.150153,-1.458702
7,0.821429,0.465839,1.191885,-0.025942,-0.102262,0.211811,0.287140,0.030631,0.423551,-0.624320,-1.232418
4,0.857143,0.479167,1.069093,0.024586,-0.009317,0.240089,0.242849,-0.408805,-0.216270,-1.012422,-1.103472
4,0.892857,0.482857,1.011553,0.018817,0.012891,0.245435,0.254256,-0.352581,-0.274849,-1.086628,-1.180979
3,0.851852,0.582931,1.055502,0.009608,-0.017188,0.246257,0.288529,-0.215715,-0.016096,-1.137723,-1.437642
6,0.785714,0.590909,1.041120,-0.031843,-0.050334,0.272856,0.269709,0.050432,0.161504,-1.404599,-1.217249
8,0.777778,0.544974,1.007083,-0.027662,-0.030984,0.290581,0.283648,0.017072,0.100112,-1.559801,-1.297616
9,0.814815,0.570707,0.973299,-0.009788,0.003660,0.278837,0.272742,-0.106979,-0.194287,-1.427894,-1.190024
3,0.846154,0.580420,1.107846,0.022864,-0.028035,0.253450,0.288871,-0.272323,0.006603,-1.143815,-1.453210
6,0.814815,0.577441,1.055217,-0.017228,-0.042490,0.270087,0.271193,0.063789,0.171202,-1.384648,-1.189496
1,0.607143,0.548319,1.295322,0.088461,-0.045703,0.219704,0.251395,-0.696611,0.252667,-0.198423,-1.012179
9,0.785714,0.577922,0.965456,-0.014173,0.003210,0.268603,0.269984,-0.056031,-0.144979,-1.368876,-1.220667
5,0.846154,0.632867,1.036380,-0.009669,-0.026881,0.259992,0.276878,-0.035145,0.036268,-1.306343,-1.284983
5,0.846154,0.638112,1.034321,-0.010959,-0.027187,0.261038,0.275569,-0.020102,0.033724,-1.301490,-1.261938
1,0.615385,0.524038,1.322764,0.089736,-0.054164,0.219052,0.257077,-0.717075,0.330726,-0.256872,-1.072310
4,0.923077,0.424679,1.047386,0.036006,0.011756,0.245047,0.258336,-0.420300,-0.301327,-1.115584,-1.222490
6,0.777778,0.569665,0.979562,-0.041501,-0.031934,0.282061,0.277211,0.108871,0.135802,-1.453300,-1.283150
2,0.884615,0.583612,1.002413,-0.006416,-0.007604,0.246277,0.296817,-0.082333,-0.029313,-1.153300,-1.491891
4,0.925926,0.417778,1.020614,0.024113,0.013528,0.238620,0.254852,-0.466243,-0.301074,-0.955041,-1.190384
6,0.846154,0.531469,0.995403,-0.041717,-0.039600,0.281208,0.279583,0.115288,0.107950,-1.470862,-1.275955
5,0.807692,0.628205,1.009339,-0.021588,-0.026015,0.262155,0.280630,0.012942,0.036073,-1.324726,-1.284065
8,0.777778,0.530864,0.985268,-0.022702,-0.015565,0.286148,0.282488,0.035656,-0.004009,-1.556717,-1.300726
9,0.851852,0.539452,0.977787,-0.009539,0.001603,0.272662,0.274383,-0.042999,-0.124031,-1.438934,-1.255178
6,0.807692,0.558608,1.020109,-0.032397,-0.041614,0.280565,0.280412,0.080577,0.137639,-1.466615,-1.287674
8,0.800000,0.514000,0.999435,-0.018093,-0.017821,0.297341,0.283254,-0.036336,-0.000484,-1.623442,-1.286835
5,0.846154,0.622378,1.035600,-0.007150,-0.024092,0.257482,0.278080,-0.023667,0.012790,-1.289278,-1.290964
3,0.807692,0.622711,1.096239,0.024930,-0.021154,0.254483,0.288230,-0.260204,0.022017,-1.159137,-1.438573
7,0.846154,0.477273,1.229209,-0.016317,-0.106509,0.212180,0.280901,-0.043332,0.451325,-0.600916,-1.186443
8,0.807692,0.576923,0.990227,-0.019274,-0.014530,0.284157,0.280610,-0.006348,0.001040,-1.536784,-1.278100
8,0.840000,0.550476,0.974711,-0.031059,-0.018893,0.291866,0.280037,0.125753,-0.007727,-1.562159,-1.290691
4,0.920000,0.506087,1.041936,0.029060,0.007766,0.244951,0.249045,-0.380616,-0.255151,-1.062744,-1.170559
2,0.846154,0.610140,1.036323,0.006512,-0.011241,0.243111,0.291432,-0.055178,0.007191,-1.131305,-1.450693
6,0.814815,0.614478,1.012754,-0.027895,-0.033841,0.269108,0.270684,0.035291,0.099442,-1.399805,-1.224701
1,0.576923,0.556410,1.255382,0.070507,-0.045551,0.221086,0.253734,-0.614830,0.275495,-0.425263,-1.038461
8,0.814815,0.575758,1.031600,-0.008107,-0.023175,0.269510,0.275044,-0.030494,0.006289,-1.454507,-1.294289
9,0.777778,0.603175,0.968507,-0.012810,0.003032,0.272476,0.275407,-0.102243,-0.111501,-1.393974,-1.273763
6,0.807692,0.584249,1.015739,-0.034259,-0.041476,0.276798,0.277191,0.097159,0.144134,-1.442998,-1.251839
2,0.777778,0.622575,0.998656,-0.010050,-0.009390,0.244088,0.288982,-0.075617,0.014800,-1.098614,-1.442743
9,0.814815,0.590909,0.951985,-0.013209,0.011343,0.277899,0.274908,-0.054443,-0.193323,-1.432108,-1.246045
4,0.884615,0.506689,1.036940,0.025183,0.006474,0.244829,0.247211,-0.417532,-0.267681,-1.044106,-1.128006
8,0.807692,0.554945,0.996878,-0.025224,-0.023737,0.288704,0.284151,-0.005504,0.033915,-1.576847,-1.326281
6,0.814815,0.585859,0.994470,-0.038009,-0.035441,0.265197,0.266384,0.102006,0.089114,-1.350157,-1.208063
7,0.846154,0.472028,1.207084,-0.033502,-0.113533,0.209500,0.278719,0.056988,0.509285,-0.596336,-1.102662
7,0.846154,0.463287,1.258137,-0.022127,-0.120174,0.210433,0.274516,-0.009230,0.526357,-0.580087,-1.058041
8,0.769231,0.565385,0.999512,-0.018027,-0.017792,0.288337,0.280473,-0.062877,-0.007830,-1.561672,-1.281059
6,0.807692,0.578755,0.997824,-0.037523,-0.036514,0.278244,0.273163,0.108697,0.142792,-1.441148,-1.226200
9,0.880000,0.601818,0.993169,-0.010437,-0.007069,0.278885,0.275218,-0.074177,-0.116007,-1.456547,-1.260140
9,0.807692,0.578755,0.970545,-0.011302,0.003530,0.278663,0.275757,-0.050721,-0.147229,-1.464823,-1.254911
5,0.807692,0.657509,1.024525,-0.010678,-0.022391,0.257812,0.275041,0.006593,0.019229,-1.304807,-1.258015
1,0.615385,0.569712,1.260716,0.070411,-0.047549,0.223807,0.250122,-0.587375,0.265620,-0.470790,-1.012992
2,0.814815,0.632997,1.019825,-0.004352,-0.013987,0.247973,0.287400,-0.074172,0.052163,-1.137094,-1.425700
7,0.840000,0.478095,1.181013,-0.026466,-0.099044,0.209334,0.283564,0.028990,0.420176,-0.619560,-1.211967
4,0.884615,0.476589,0.978493,0.006941,0.018084,0.244620,0.254563,-0.307113,-0.356530,-1.130985,-1.128864
9,0.807692,0.589744,0.980864,-0.020112,-0.010750,0.274093,0.275373,-0.012537,-0.069791,-1.430575,-1.275261
1,0.615385,0.552885,1.284003,0.080163,-0.048161,0.218492,0.254204,-0.632117,0.262499,-0.334842,-1.069183
4,0.923077,0.466346,1.032313,0.021478,0.005155,0.242891,0.251437,-0.407357,-0.276334,-1.044465,-1.151685
2,0.846154,0.620629,0.994390,-0.012932,-0.010184,0.244473,0.288654,-0.069139,0.008763,-1.134872,-1.437356
6,0.821429,0.566770,0.956808,-0.044253,-0.023679,0.263732,0.268827,0.075471,0.061510,-1.382862,-1.267491
7,0.851852,0.460548,1.227538,-0.019763,-0.108780,0.211192,0.282836,-0.040422,0.450743,-0.614597,-1.192433
3,0.750000,0.586735,1.073801,0.027674,-0.008592,0.248840,0.284798,-0.284418,0.003145,-1.094059,-1.433843
4,0.821429,0.464286,1.028733,0.021739,0.007167,0.243696,0.251570,-0.430189,-0.209062,-1.043782,-1.157879
1,0.607143,0.537815,1.294552,0.087316,-0.046317,0.225335,0.250384,-0.708545,0.284608,-0.312714,-0.986143
8,0.814815,0.548822,0.943727,-0.037786,-0.010225,0.277163,0.280119,0.013014,-0.058206,-1.540829,-1.319232
2,0.851852,0.629630,1.006953,-0.003725,-0.007152,0.247217,0.290174,-0.080587,-0.008758,-1.107662,-1.454420
5,0.814815,0.666667,1.033228,-0.004936,-0.020857,0.251539,0.275283,-0.003171,-0.007458,-1.258986,-1.282745
6,0.777778,0.620811,0.996191,-0.032197,-0.030408,0.274094,0.275879,0.052794,0.092949,-1.424888,-1.256541
7,0.814815,0.464646,1.217904,-0.028986,-0.113258,0.209786,0.279187,0.047644,0.491056,-0.583284,-1.115729
5,0.777778,0.650794,0.995991,-0.022648,-0.020727,0.260001,0.279228,0.010803,0.024113,-1.276461,-1.285849
2,0.821429,0.616460,1.010444,0.001040,-0.004138,0.246425,0.292844,-0.098513,-0.026557,-1.122637,-1.468225
9,0.785714,0.625000,0.975907,-0.010508,0.001577,0.269157,0.271309,-0.091159,-0.115679,-1.373907,-1.232252
8,0.750000,0.591837,0.983634,-0.025041,-0.017139,0.278355,0.280592,-0.017614,0.009101,-1.484320,-1.317253
4,0.851852,0.478261,1.065071,0.034329,0.001684,0.245964,0.248970,-0.448524,-0.188962,-1.052486,-1.178594
5,0.777778,0.659612,1.007843,-0.014642,-0.018419,0.255119,0.276103,0.018123,-0.006942,-1.266363,-1.263032
4,0.888889,0.504630,1.055549,0.036442,0.008212,0.245224,0.250859,-0.444411,-0.273297,-1.023808,-1.154824
6,0.814815,0.579125,0.986472,-0.035016,-0.028639,0.272472,0.271991,0.123808,0.111061,-1.409606,-1.219864
2,0.814815,0.627946,1.023185,-0.000853,-0.012164,0.245922,0.290407,-0.085666,0.012203,-1.123604,-1.437867
8,0.846154,0.538462,0.995683,-0.020809,-0.018731,0.280662,0.283714,0.016759,-0.000747,-1.548175,-1.323477
8,0.777778,0.550265,0.975743,-0.019078,-0.007123,0.287849,0.281271,-0.013949,-0.045750,-1.560171,-1.304313
3,0.814815,0.590909,1.068082,0.014375,-0.018413,0.249674,0.289938,-0.254009,-0.044959,-1.143341,-1.441153
4,0.851852,0.492754,1.045311,0.031259,0.008230,0.245980,0.251532,-0.414809,-0.265543,-1.046619,-1.161764
7,0.814815,0.484848,1.175005,-0.042298,-0.110468,0.213110,0.280740,0.096376,0.515030,-0.633966,-1.099771
2,0.814815,0.624579,1.016869,-0.007351,-0.015524,0.248002,0.290851,-0.061396,0.040954,-1.142168,-1.439971
9,0.750000,0.593537,1.011734,-0.002934,-0.008698,0.270700,0.275755,-0.101740,-0.092385,-1.389712,-1.287748
4,0.851852,0.466989,1.041866,0.027586,0.006386,0.239206,0.246927,-0.449435,-0.270473,-0.952595,-1.091877
2,0.814815,0.614478,1.030246,0.003362,-0.011416,0.248246,0.291918,-0.107620,0.013751,-1.135205,-1.455923
4,0.851852,0.476651,1.066370,0.035987,0.002628,0.242635,0.254750,-0.481433,-0.208437,-0.973274,-1.194728
6,0.785714,0.577922,1.002341,-0.031410,-0.032504,0.267252,0.269598,0.069252,0.104116,-1.374325,-1.240677
5,0.814815,0.636364,1.014929,-0.020082,-0.027141,0.250602,0.273682,-0.033005,0.008426,-1.247453,-1.282513
3,0.777778,0.613757,1.094648,0.026820,-0.018731,0.255947,0.289753,-0.287291,-0.013536,-1.154192,-1.426356
5,0.851852,0.619968,1.062476,0.001750,-0.027754,0.249760,0.277469,-0.017781,0.044949,-1.273447,-1.284309
7,0.814815,0.464646,1.261905,-0.019928,-0.119565,0.209503,0.275559,-0.014001,0.528461,-0.579595,-1.054168
9,0.807692,0.587912,0.973360,-0.012387,0.000959,0.275828,0.272064,-0.067894,-0.172021,-1.428653,-1.218837
6,0.785714,0.574675,1.040417,-0.016949,-0.035714,0.269019,0.267788,0.007665,0.116652,-1.379158,-1.246319
3,0.777778,0.636684,1.075830,0.015895,-0.020468,0.250849,0.283561,-0.210819,0.032100,-1.147126,-1.400407
2,0.777778,0.638448,1.001584,-0.001052,-0.001842,0.249500,0.286262,-0.094978,-0.056037,-1.145403,-1.413447
4,0.888889,0.473765,1.024983,0.032709,0.019725,0.245139,0.258633,-0.384316,-0.271386,-1.081901,-1.261345
8,0.814815,0.547138,0.970656,-0.015944,-0.001311,0.286435,0.281080,0.005918,-0.081696,-1.572269,-1.287375
5,0.846154,0.653846,1.029962,-0.011181,-0.025401,0.258455,0.278163,0.008835,0.017254,-1.319598,-1.291346
1,0.653846,0.554299,1.288521,0.074070,-0.054474,0.224587,0.255926,-0.628686,0.329172,-0.410293,-1.046997
7,0.884615,0.468227,1.266300,-0.020963,-0.121703,0.213554,0.276301,0.014133,0.572059,-0.581219,-1.017441
3,0.777778,0.613757,1.112236,0.024631,-0.028310,0.251222,0.287711,-0.245085,0.059126,-1.151364,-1.425599
1,0.615385,0.548077,1.327062,0.072643,-0.068489,0.229883,0.256387,-0.637854,0.375231,-0.516731,-1.003410
5,0.807692,0.679487,1.004730,-0.018675,-0.020941,0.262783,0.276730,0.021177,0.001777,-1.307136,-1.280708
8,0.807692,0.565934,0.999333,-0.020111,-0.019791,0.289276,0.287946,-0.039727,0.027575,-1.549253,-1.347406
4,0.888889,0.504630,1.034469,0.035805,0.017952,0.244677,0.254351,-0.417541,-0.295846,-1.047079,-1.164402
3,0.846154,0.599650,1.062812,0.012457,-0.017829,0.250202,0.287995,-0.255402,0.012287,-1.141321,-1.426564
7,0.785714,0.469156,1.216054,-0.027524,-0.111468,0.208420,0.273022,0.093261,0.404981,-0.622210,-1.189606
4,0.923077,0.490385,1.008285,0.021378,0.017094,0.243990,0.248943,-0.365413,-0.334581,-1.057666,-1.089834
6,0.750000,0.547619,0.961769,-0.036823,-0.018412,0.274285,0.266773,0.064626,0.096769,-1.427090,-1.257700
1,0.592593,0.527778,1.321947,0.083882,-0.058317,0.226121,0.249383,-0.720335,0.345780,-0.344856,-0.961237
5,0.777778,0.652557,0.977897,-0.026126,-0.015415,0.264344,0.271772,0.026898,0.007657,-1.332930,-1.267745
8,0.846154,0.575175,0.986873,-0.028599,-0.022329,0.286302,0.283813,-0.014308,0.022990,-1.549991,-1.317086
5,0.846154,0.645105,1.033413,-0.006775,-0.022723,0.258510,0.277649,-0.001500,0.018148,-1.303947,-1.285542
6,0.777778,0.578483,0.999895,-0.038328,-0.038279,0.282069,0.280138,0.123511,0.120088,-1.460601,-1.302641
9,0.807692,0.571429,0.985597,-0.006716,0.000493,0.271877,0.272208,-0.068458,-0.143967,-1.420581,-1.220996
7,0.814815,0.446128,1.139792,-0.037393,-0.094130,0.212035,0.279591,0.076529,0.457288,-0.622887,-1.192483
2,0.846154,0.615385,1.032075,-0.004261,-0.019668,0.246038,0.293245,-0.055632,0.054643,-1.131312,-1.457389
2,0.846154,0.618881,1.022400,-0.005907,-0.016732,0.251095,0.291300,-0.065194,0.039595,-1.169489,-1.452339
4,0.884615,0.484950,1.041205,0.028336,0.007427,0.242486,0.250827,-0.431315,-0.224554,-1.024651,-1.192762
5,0.880000,0.629091,1.040611,-0.014582,-0.033526,0.256236,0.277441,-0.041808,0.070199,-1.273987,-1.278267
1,0.600000,0.536000,1.317460,0.078109,-0.061194,0.219511,0.255183,-0.667938,0.322879,-0.343752,-1.058941
7,0.884615,0.448161,1.292527,-0.001947,-0.114667,0.211472,0.281916,-0.122599,0.488695,-0.594468,-1.151276
9,0.769231,0.559615,0.971172,-0.020447,-0.006212,0.275811,0.272296,-0.065716,-0.145536,-1.438708,-1.239946
3,0.769231,0.588462,1.094029,0.018137,-0.026395,0.250585,0.290352,-0.262722,0.066770,-1.155083,-1.446164
4,0.884615,0.454849,1.071107,0.033887,-0.001555,0.246697,0.248564,-0.496409,-0.239378,-1.025357,-1.129536
1,0.640000,0.532500,1.311549,0.082746,-0.055681,0.223732,0.253526,-0.693092,0.318202,-0.345488,-1.007544
6,0.769231,0.532692,1.020949,-0.033755,-0.043321,0.283718,0.279358,0.104147,0.191262,-1.488820,-1.237004
2,0.840000,0.600000,1.014776,-0.005820,-0.013016,0.248601,0.292282,-0.073376,0.006389,-1.158112,-1.471076
5,0.807692,0.631868,1.020181,-0.023119,-0.032553,0.258904,0.278656,0.027077,0.058820,-1.290901,-1.296565
9,0.758621,0.595611,1.002696,-0.013756,-0.015064,0.272849,0.270710,-0.072339,-0.071411,-1.404152,-1.268736
8,0.821429,0.524845,1.021596,-0.006689,-0.017117,0.275292,0.272008,-0.076649,-0.040284,-1.523380,-1.248485
6,0.785714,0.612013,0.987907,-0.034965,-0.029272,0.274624,0.279943,0.094268,0.071251,-1.399173,-1.297144
4,0.862069,0.462069,1.066792,0.024776,-0.008080,0.245732,0.247837,-0.477533,-0.180364,-0.996509,-1.104447
7,0.857143,0.464286,1.237805,-0.023638,-0.115156,0.208943,0.280413,0.044031,0.499616,-0.574793,-1.125123
9,0.814815,0.590909,0.968426,-0.026159,-0.010710,0.281816,0.280592,-0.014278,-0.083060,-1.470012,-1.292880
1,0.566667,0.529412,1.287631,0.093900,-0.038765,0.221887,0.256713,-0.748182,0.271506,-0.193753,-1.074453
5,0.793103,0.616192,1.092176,0.006823,-0.035951,0.249732,0.278499,-0.025475,0.074624,-1.251203,-1.305601
4,0.827586,0.459770,1.061600,0.029427,-0.001293,0.240167,0.251324,-0.491036,-0.229721,-0.963681,-1.133898
5,0.785714,0.642857,1.030280,-0.005395,-0.019931,0.256329,0.279300,-0.015629,-0.001221,-1.302204,-1.282782
3,0.785714,0.612013,1.064659,0.012057,-0.019041,0.251419,0.286152,-0.240889,0.031085,-1.145258,-1.403665
1,0.607143,0.550420,1.270855,0.081724,-0.042257,0.227671,0.252085,-0.690589,0.271252,-0.345739,-1.031459
8,0.785714,0.560065,1.014521,-0.018050,-0.024948,0.283150,0.283111,0.007887,0.042380,-1.526101,-1.305813
6,0.851852,0.595813,1.009057,-0.023854,-0.028128,0.275345,0.277837,0.092504,0.093646,-1.417754,-1.294693
4,0.888889,0.436728,1.036200,0.018846,0.000720,0.242425,0.250680,-0.414791,-0.241372,-1.076352,-1.152102
2,0.923077,0.580128,1.043482,0.006331,-0.014768,0.246558,0.298098,-0.093684,0.023652,-1.136331,-1.497861
5,0.777778,0.647266,1.020252,-0.016284,-0.025886,0.261944,0.277676,-0.018709,0.017777,-1.327142,-1.281778
7,0.851852,0.452496,1.267283,-0.023286,-0.123830,0.212009,0.275129,0.010146,0.538785,-0.618484,-1.043500
8,0.785714,0.547078,0.986197,-0.020906,-0.014201,0.287220,0.274152,-0.041620,0.060589,-1.541637,-1.259009
9,0.793103,0.550225,0.970367,-0.008115,0.006906,0.272063,0.262223,-0.129713,-0.122174,-1.346817,-1.233403
8,0.846154,0.536713,0.996615,-0.017175,-0.015535,0.279019,0.280917,0.021972,-0.017723,-1.510507,-1.292932
4,0.888889,0.447531,1.073223,0.036063,-0.000511,0.241888,0.247259,-0.465957,-0.240467,-0.980993,-1.108371
2,0.851852,0.613527,1.029720,0.007703,-0.006951,0.241884,0.294425,-0.085932,-0.034597,-1.108378,-1.469364
9,0.814815,0.592593,0.971040,-0.016012,-0.001578,0.275565,0.276067,-0.105938,-0.134986,-1.416293,-1.253186
5,0.857143,0.632440,1.013311,-0.006373,-0.012857,0.254666,0.273997,0.005004,-0.013997,-1.271928,-1.285604
8,0.750000,0.557823,0.954623,-0.031940,-0.009691,0.285112,0.287503,-0.007566,-0.034549,-1.524808,-1.362136
9,0.814815,0.575758,0.992190,-0.004120,-0.000217,0.269534,0.270902,-0.035556,-0.135371,-1.402961,-1.207381
3,0.814815,0.594276,1.075672,0.017126,-0.019253,0.246058,0.284178,-0.271833,-0.049492,-1.115141,-1.400235
1,0.642857,0.559524,1.277778,0.084515,-0.042553,0.225908,0.251617,-0.654133,0.255116,-0.363615,-1.018926
1,0.615385,0.548077,1.291477,0.073191,-0.056174,0.229933,0.253159,-0.655674,0.336900,-0.473262,-1.006100
2,0.851852,0.600644,1.036310,0.007402,-0.010376,0.247582,0.295111,-0.118732,0.003222,-1.133735,-1.479640
6,0.846154,0.573427,1.012771,-0.035061,-0.040924,0.281818,0.278617,0.044085,0.145260,-1.485205,-1.266489
5,0.851852,0.619968,1.040835,-0.000960,-0.020539,0.258938,0.282444,-0.011554,0.003195,-1.304894,-1.331237
4,0.888889,0.461420,1.044761,0.028010,0.005388,0.241439,0.254677,-0.428608,-0.265662,-1.021166,-1.187605
5,0.821429,0.659938,1.014636,-0.015703,-0.022689,0.254842,0.273857,0.033386,-0.025099,-1.252223,-1.263837
6,0.758621,0.584639,1.012622,-0.026688,-0.032588,0.273626,0.269735,0.047271,0.098457,-1.402044,-1.232718
7,0.821429,0.458075,1.181363,-0.040899,-0.111380,0.206636,0.278680,0.087170,0.441045,-0.607047,-1.158876
4,0.827586,0.485632,1.061493,0.017751,-0.012242,0.240705,0.248956,-0.413975,-0.153148,-1.007430,-1.156664
1,0.586207,0.555781,1.295901,0.086303,-0.047571,0.218673,0.254485,-0.642695,0.286433,-0.309715,-1.000605
9,0.758621,0.598746,0.967429,-0.016897,-0.000632,0.272819,0.270558,-0.043202,-0.165263,-1.390774,-1.229830
3,0.785714,0.600649,1.126164,0.031450,-0.028089,0.250834,0.285921,-0.296400,-0.012098,-1.064686,-1.448049
1,0.592593,0.534722,1.323991,0.078463,-0.063091,0.230191,0.250430,-0.703424,0.368661,-0.419055,-0.963230
6,0.814815,0.592593,1.024987,-0.031508,-0.042929,0.275336,0.275570,0.044408,0.186420,-1.421798,-1.239451
8,0.777778,0.576720,0.943882,-0.035168,-0.007532,0.291467,0.281605,0.074065,-0.031599,-1.568572,-1.284551
6,0.821429,0.593168,0.976518,-0.030731,-0.019447,0.268764,0.264255,0.046250,0.109363,-1.392105,-1.190860
6,0.758621,0.570533,0.994662,-0.036214,-0.033725,0.266809,0.266715,0.094651,0.112930,-1.340058,-1.220392
1,0.607143,0.577731,1.243991,0.073690,-0.038831,0.224843,0.252537,-0.586777,0.243164,-0.442074,-1.060717
7,0.814815,0.464646,1.213735,-0.027503,-0.110709,0.210897,0.279445,0.120441,0.458847,-0.608273,-1.161039
9,0.814815,0.577441,0.975423,-0.010867,0.001458,0.281023,0.275718,-0.051470,-0.161848,-1.462148,-1.245353
5,0.785714,0.616883,1.079269,0.003828,-0.033177,0.257842,0.274462,-0.077050,0.033086,-1.283143,-1.288212
2,0.785714,0.642857,0.994041,-0.010331,-0.007395,0.246723,0.290639,-0.082245,-0.025672,-1.138014,-1.439190
3,0.814815,0.616162,1.038244,0.001366,-0.017102,0.243269,0.285163,-0.229609,-0.012713,-1.110274,-1.402308
7,0.846154,0.459790,1.280416,-0.008469,-0.116116,0.209165,0.276237,-0.039339,0.490658,-0.566928,-1.105874
3,0.814815,0.589226,1.117519,0.030260,-0.025503,0.246910,0.285043,-0.301094,0.073702,-1.069457,-1.412983
9,0.785714,0.586039,0.988082,-0.013095,-0.007222,0.265476,0.269757,-0.062413,-0.108993,-1.351915,-1.234378
9,0.814815,0.585859,0.980269,-0.020507,-0.010856,0.273209,0.275221,-0.087717,-0.089577,-1.407408,-1.250674
5,0.814815,0.641414,1.006567,-0.015748,-0.018907,0.259259,0.274661,0.025744,0.023300,-1.307239,-1.270852
9,0.814815,0.589226,0.975973,-0.014286,-0.002328,0.275743,0.273046,-0.055084,-0.120366,-1.423778,-1.219863
4,0.846154,0.482517,1.032397,0.026845,0.010312,0.245236,0.254620,-0.440378,-0.237782,-1.056319,-1.206054
8,0.814815,0.553872,0.979963,-0.018237,-0.008387,0.286482,0.277924,0.033608,-0.061583,-1.555807,-1.247983
2,0.884615,0.593645,1.014703,-0.000674,-0.007909,0.244935,0.292243,-0.088261,-0.009838,-1.134983,-1.459959
1,0.592593,0.537037,1.274077,0.078664,-0.045817,0.228013,0.248834,-0.678813,0.302623,-0.437750,-0.959537
6,0.769231,0.588462,0.993406,-0.043627,-0.040598,0.280047,0.276983,0.128929,0.186580,-1.439142,-1.249040
4,0.884615,0.456522,1.037222,0.028110,0.009158,0.248510,0.251643,-0.446822,-0.273321,-1.088629,-1.159282
3,0.846154,0.578671,1.066588,0.016067,-0.016152,0.245287,0.285228,-0.288691,0.014760,-1.102258,-1.424203
5,0.807692,0.657509,1.008745,-0.026860,-0.030962,0.262268,0.278750,-0.006022,0.063747,-1.292019,-1.299201
6,0.807692,0.575092,0.979652,-0.036093,-0.026458,0.269322,0.273000,0.098143,0.073926,-1.400968,-1.273604
5,0.800000,0.616000,1.041321,-0.010714,-0.030130,0.258690,0.280996,-0.032229,0.071386,-1.311536,-1.314545
9,0.760000,0.557895,0.995570,-0.007249,-0.005057,0.278636,0.278067,-0.130032,-0.111966,-1.465977,-1.267861
4,0.846154,0.475524,1.031587,0.016377,0.000566,0.243338,0.247875,-0.396115,-0.276855,-1.048951,-1.121970
2,0.880000,0.594545,1.009372,-0.008340,-0.012905,0.243781,0.290662,-0.052741,0.020262,-1.106526,-1.449560
2,0.840000,0.615238,1.024861,-0.005529,-0.017523,0.249115,0.286307,-0.052912,-0.027198,-1.187732,-1.451606
9,0.769231,0.576923,0.973743,-0.016000,-0.002949,0.269604,0.271757,-0.097627,-0.114569,-1.397605,-1.232576
5,0.769231,0.619231,0.999625,-0.022516,-0.022336,0.259068,0.280837,0.030423,-0.022222,-1.309060,-1.316235
6,0.800000,0.582000,1.034289,-0.026289,-0.041993,0.273050,0.269539,0.035777,0.180683,-1.424449,-1.198440
1,0.600000,0.541333,1.315514,0.077011,-0.061379,0.218700,0.253932,-0.654906,0.326602,-0.343627,-1.039123
2,0.769231,0.598077,0.990199,-0.007717,-0.002844,0.242710,0.291979,-0.076797,-0.048220,-1.133376,-1.472840
3,0.807692,0.571429,1.065374,0.014957,-0.016642,0.240627,0.283395,-0.286673,0.000320,-1.086011,-1.422232
6,0.769231,0.582692,1.022170,-0.028878,-0.039096,0.271492,0.271359,0.070959,0.142465,-1.418700,-1.213143
8,0.730769,0.546559,0.999813,-0.018324,-0.018234,0.283317,0.278412,-0.032542,0.011286,-1.531022,-1.311340
8,0.769231,0.540385,0.978746,-0.023488,-0.013140,0.287508,0.280957,-0.037674,-0.031826,-1.573169,-1.295014
3,0.833333,0.593750,1.035522,0.000351,-0.016813,0.248481,0.287110,-0.242319,-0.011674,-1.151030,-1.431112
4,0.880000,0.469091,1.056254,0.027308,-0.000775,0.241022,0.249518,-0.479340,-0.225146,-0.975490,-1.150818
1,0.538462,0.541209,1.266453,0.072154,-0.048223,0.215737,0.256560,-0.637970,0.266763,-0.364121,-1.105117
2,0.800000,0.622000,1.001458,-0.014148,-0.014855,0.247196,0.289488,-0.035854,0.007384,-1.152246,-1.436932
4,0.880000,0.460000,1.052613,0.028387,0.001976,0.245805,0.253842,-0.452882,-0.231192,-1.056838,-1.208052
2,0.875000,0.601190,1.020602,0.001179,-0.008938,0.247277,0.291756,-0.068711,-0.045452,-1.156065,-1.462177
7,0.840000,0.457143,1.241724,-0.019246,-0.112833,0.210647,0.276503,0.007760,0.463410,-0.649074,-1.132219
6,0.800000,0.578000,1.001283,-0.041003,-0.041592,0.276678,0.279362,0.065527,0.109108,-1.454534,-1.296973
6,0.800000,0.580000,1.000373,-0.037069,-0.037241,0.274328,0.274611,0.104102,0.127366,-1.425239,-1.272244
5,0.760000,0.648421,1.022507,-0.017430,-0.028052,0.262475,0.278081,-0.028112,0.059979,-1.323813,-1.296660
9,0.800000,0.596000,0.984561,-0.012081,-0.004430,0.272978,0.276280,-0.070614,-0.128247,-1.426555,-1.276604
3,0.833333,0.591667,1.096672,0.026937,-0.019513,0.251858,0.287341,-0.274044,0.016392,-1.156749,-1.444195
1,0.600000,0.544000,1.277122,0.073203,-0.051176,0.222787,0.247901,-0.658819,0.278338,-0.383626,-0.971624
8,0.769231,0.553846,0.988361,-0.024826,-0.019231,0.286180,0.279553,0.023033,0.016280,-1.565260,-1.287453
4,0.875000,0.474206,1.051077,0.024806,-0.000697,0.247569,0.252467,-0.400631,-0.229119,-1.111576,-1.221108
2,0.833333,0.629167,1.011228,-0.010430,-0.015866,0.248314,0.287446,-0.064503,0.006817,-1.158394,-1.436000
9,0.875000,0.589286,0.982890,-0.015312,-0.006874,0.272562,0.271881,-0.090814,-0.121708,-1.414740,-1.248065
7,0.833333,0.458333,1.199423,-0.027727,-0.106250,0.207627,0.279103,0.009203,0.427504,-0.633838,-1.189915
4,0.851852,0.457327,1.050587,0.020361,-0.004695,0.247206,0.255525,-0.388657,-0.259325,-1.119688,-1.220255
7,0.814815,0.462963,1.226423,-0.022645,-0.110774,0.212008,0.281059,-0.004843,0.480214,-0.636536,-1.128253
3,0.807692,0.609890,1.067519,0.012799,-0.019635,0.257117,0.292269,-0.241808,-0.007606,-1.183989,-1.451012
5,0.814815,0.612795,1.075839,0.010115,-0.025845,0.254359,0.282345,-0.038718,0.034254,-1.294367,-1.334788
6,0.777778,0.608466,1.027855,-0.024638,-0.037520,0.280685,0.281033,-0.004612,0.115386,-1.465023,-1.294339
9,0.785714,0.571429,0.972693,-0.006844,0.007001,0.271028,0.267489,-0.096350,-0.087020,-1.405243,-1.230189
1,0.592593,0.562500,1.276734,0.076389,-0.048544,0.220129,0.253637,-0.614133,0.272389,-0.382981,-1.050407
8,0.750000,0.552721,1.018519,-0.008425,-0.017363,0.288773,0.280087,-0.102051,0.036404,-1.539695,-1.286835
1,0.607143,0.567227,1.268102,0.081046,-0.041799,0.219950,0.256286,-0.608935,0.231945,-0.363442,-1.072844
9,0.777778,0.601411,0.980672,-0.011102,-0.001466,0.269036,0.274224,-0.092217,-0.146000,-1.392088,-1.230494
4,0.857143,0.474702,1.087652,0.035789,-0.007389,0.240638,0.249070,-0.437167,-0.205951,-1.026519,-1.151429
2,0.750000,0.619048,1.000862,-0.006149,-0.006574,0.249597,0.290995,-0.066776,-0.008749,-1.142173,-1.453467
3,0.814815,0.580808,1.105449,0.032016,-0.018733,0.243918,0.286637,-0.297761,-0.039099,-1.080394,-1.421199
5,0.814815,0.671717,1.025094,-0.014810,-0.026687,0.260097,0.276504,-0.004948,0.033419,-1.281681,-1.270329
1,0.592593,0.537037,1.326465,0.080011,-0.062739,0.226611,0.249968,-0.683953,0.360379,-0.411626,-0.948734
8,0.750000,0.554422,1.003863,-0.025562,-0.027388,0.283921,0.275122,-0.024718,0.015608,-1.542748,-1.284064
3,0.777778,0.585538,1.041745,0.005881,-0.014391,0.242781,0.285939,-0.231802,0.004172,-1.114320,-1.417169
8,0.777778,0.557319,0.975937,-0.017179,-0.005274,0.289641,0.278372,-0.088862,-0.056400,-1.540620,-1.275464
2,0.851852,0.595813,0.992280,0.004583,0.008509,0.236547,0.292018,-0.133923,-0.123529,-1.090384,-1.450910
4,0.851852,0.479871,1.030322,0.019259,0.003977,0.246106,0.253404,-0.375167,-0.256911,-1.108633,-1.137726
2,0.814815,0.624579,1.014213,-0.001348,-0.008336,0.249443,0.293492,-0.106670,-0.041482,-1.134626,-1.468931
6,0.846154,0.594406,1.003969,-0.034358,-0.036199,0.268842,0.270200,0.110648,0.113914,-1.372932,-1.221252
1,0.615385,0.521635,1.334238,0.088134,-0.059199,0.222459,0.249478,-0.730318,0.352288,-0.279771,-0.977192
7,0.846154,0.458042,1.222041,-0.030881,-0.116119,0.210681,0.277788,0.116053,0.493842,-0.631203,-1.122419
4,0.884615,0.481605,0.994865,0.007397,0.010016,0.244441,0.255987,-0.323715,-0.278284,-1.131903,-1.197116
3,0.777778,0.599647,1.074448,0.014986,-0.020697,0.248250,0.284429,-0.244644,0.006955,-1.125720,-1.422382
2,0.814815,0.629630,0.992164,-0.008143,-0.004258,0.246629,0.289545,-0.066373,-0.035135,-1.133038,-1.449759
1,0.592593,0.516204,1.320652,0.090247,-0.053064,0.223428,0.248700,-0.760433,0.328679,-0.253629,-0.969887
5,0.814815,0.634680,1.016671,-0.020979,-0.028834,0.251640,0.273061,-0.034422,0.014751,-1.249793,-1.282244
8,0.846154,0.561189,0.972486,-0.030303,-0.017014,0.283583,0.282299,-0.002787,-0.015151,-1.547681,-1.299761
8,0.777778,0.576720,0.977560,-0.022790,-0.011836,0.288149,0.278692,0.034642,-0.074099,-1.541332,-1.282920
5,0.821429,0.658385,0.975046,-0.023482,-0.011287,0.261608,0.272245,0.028174,-0.009171,-1.297351,-1.284944
3,0.846154,0.610140,1.057857,0.010159,-0.017743,0.250801,0.291319,-0.271314,-0.026188,-1.120797,-1.445095
9,0.785714,0.597403,0.991068,-0.011487,-0.007085,0.271688,0.270907,-0.073733,-0.140032,-1.388468,-1.245392
4,0.851852,0.492754,1.052503,0.032111,0.005568,0.245087,0.250405,-0.465059,-0.223104,-1.010364,-1.139739
5,0.777778,0.643739,0.996435,-0.017808,-0.016083,0.261919,0.280286,0.006410,-0.005918,-1.305284,-1.282557
1,0.607143,0.552521,1.320774,0.085775,-0.056491,0.220533,0.254095,-0.658275,0.311274,-0.309651,-1.009015
8,0.785714,0.573052,1.014865,-0.027170,-0.034096,0.282816,0.267771,0.005600,0.016452,-1.511439,-1.267503
2,0.814815,0.649832,1.027456,-0.001060,-0.014393,0.248542,0.290946,-0.061501,0.003598,-1.147768,-1.440793
6,0.884615,0.596990,1.017631,-0.035258,-0.043310,0.270115,0.272066,0.086674,0.157704,-1.387127,-1.234971
7,0.814815,0.464646,1.179828,-0.037220,-0.107756,0.206086,0.279068,0.064030,0.426162,-0.565924,-1.178229
1,0.576923,0.548718,1.306383,0.073832,-0.060748,0.220543,0.253187,-0.646808,0.333504,-0.366199,-1.015805
7,0.846154,0.470280,1.209661,-0.022812,-0.105519,0.208248,0.283543,-0.004966,0.460435,-0.532415,-1.176469
8,0.814815,0.579125,1.020972,-0.000396,-0.010659,0.274543,0.278236,-0.038952,-0.004475,-1.493596,-1.290620
6,0.814815,0.622896,0.994541,-0.033292,-0.030731,0.272979,0.271535,0.042537,0.095106,-1.405085,-1.224540
9,0.814815,0.577441,1.026040,-0.007421,-0.019922,0.272271,0.269697,-0.086686,-0.101768,-1.376700,-1.256069
4,0.851852,0.476651,1.036320,0.022180,0.003879,0.244106,0.250314,-0.421635,-0.259058,-1.047562,-1.125719
8,0.880000,0.545455,1.025413,-0.014091,-0.026133,0.291729,0.283721,-0.028208,0.038347,-1.588776,-1.325489
9,0.846154,0.590909,0.988999,-0.003362,0.002162,0.274510,0.278802,-0.074441,-0.123001,-1.431194,-1.300717
1,0.592593,0.560185,1.251225,0.066632,-0.047138,0.218256,0.256827,-0.582023,0.259238,-0.406134,-1.105419
3,0.846154,0.608392,1.063826,0.013454,-0.017352,0.250568,0.287080,-0.251069,-0.027358,-1.152843,-1.429925
6,0.840000,0.577143,1.025652,-0.034496,-0.046139,0.282792,0.274309,0.072913,0.199649,-1.475447,-1.199433
5,0.807692,0.608059,1.059875,-0.001004,-0.029194,0.256701,0.279475,-0.053527,0.055880,-1.291609,-1.313698
3,0.846154,0.583916,1.039464,0.006805,-0.012437,0.242610,0.283411,-0.214320,-0.045950,-1.111591,-1.412749
1,0.615385,0.531250,1.300753,0.086538,-0.049078,0.220420,0.254335,-0.709868,0.301958,-0.260216,-1.047014
4,0.880000,0.476364,1.030560,0.020472,0.005038,0.249804,0.254954,-0.391934,-0.250566,-1.126326,-1.216658
6,0.840000,0.577143,1.023706,-0.033082,-0.043894,0.280027,0.275257,0.104447,0.152613,-1.447185,-1.240794
1,0.551724,0.536638,1.291800,0.086596,-0.045908,0.219648,0.253310,-0.704750,0.300457,-0.247579,-1.002405
8,0.851852,0.557166,1.048108,-0.000628,-0.023550,0.277425,0.281053,-0.034574,0.035896,-1.518475,-1.306257
2,0.814815,0.643098,1.011241,-0.007615,-0.013089,0.252160,0.289224,-0.072241,0.016958,-1.165984,-1.434715
1,0.607143,0.544118,1.281321,0.086418,-0.042333,0.222936,0.247107,-0.669073,0.271100,-0.361190,-0.965336
8,0.846154,0.582168,0.972443,-0.032760,-0.019520,0.287209,0.280523,-0.017193,0.019485,-1.535011,-1.288787
3,0.785714,0.582792,1.109688,0.024816,-0.027059,0.244344,0.281239,-0.273250,-0.036889,-1.084522,-1.408439
5,0.821429,0.630435,0.993830,-0.020133,-0.017153,0.250691,0.279346,0.029696,-0.053774,-1.267373,-1.294676
4,0.793103,0.463268,1.096147,0.039327,-0.007979,0.242589,0.242820,-0.477528,-0.213258,-0.988655,-1.147909
6,0.785714,0.590909,1.010574,-0.038836,-0.043662,0.269296,0.266306,0.111675,0.106347,-1.352767,-1.212298
9,0.785714,0.556818,0.958531,-0.005963,0.015410,0.270761,0.268182,-0.064284,-0.150352,-1.406478,-1.226639
9,0.750000,0.598639,0.962005,-0.017045,0.002029,0.272674,0.274921,-0.057643,-0.173929,-1.402809,-1.228591
5,0.785714,0.667208,1.053661,-0.010617,-0.035540,0.256222,0.271820,-0.007334,0.057213,-1.266276,-1.259395
8,0.814815,0.552189,1.025848,0.001109,-0.011518,0.281638,0.278370,-0.056841,-0.048774,-1.538309,-1.252124
7,0.851852,0.444444,1.248870,-0.019691,-0.115405,0.205783,0.279126,0.000223,0.461858,-0.540986,-1.148628
1,0.629630,0.546841,1.287382,0.085657,-0.045079,0.222801,0.252471,-0.677676,0.278385,-0.315318,-1.013183
4,0.925926,0.481481,0.972047,0.007569,0.022165,0.235551,0.246440,-0.300840,-0.311258,-1.043362,-1.139469
9,0.777778,0.564374,0.982126,-0.008482,0.000463,0.277483,0.280721,-0.081485,-0.141295,-1.443531,-1.291107
8,0.777778,0.552028,0.973941,-0.024266,-0.011537,0.291817,0.282890,0.018886,-0.028920,-1.578657,-1.304893
6,0.814815,0.592593,0.993297,-0.032929,-0.029777,0.267302,0.269760,0.051135,0.123027,-1.370953,-1.225142
4,0.821429,0.465839,1.026798,0.020000,0.006429,0.248450,0.245222,-0.372579,-0.219130,-1.167824,-1.135539
9,0.807692,0.549451,1.008783,0.005556,0.001154,0.275291,0.278886,-0.102789,-0.095551,-1.442264,-1.278586
3,0.846154,0.606643,1.054802,0.014540,-0.012192,0.255540,0.286950,-0.258069,-0.029519,-1.173609,-1.423552
1,0.615385,0.550481,1.298519,0.074236,-0.057776,0.226746,0.255065,-0.628993,0.340223,-0.485756,-1.034183
4,0.884615,0.466555,1.070288,0.026882,-0.007720,0.242064,0.255862,-0.471610,-0.200445,-0.980200,-1.232063
5,0.884615,0.627090,1.061700,0.001449,-0.027692,0.254349,0.280284,-0.025219,0.044643,-1.278459,-1.323322
7,0.807692,0.463370,1.207662,-0.029456,-0.110368,0.207706,0.278919,0.086337,0.460216,-0.596691,-1.153743
6,0.807692,0.556777,0.999948,-0.033678,-0.033654,0.279865,0.281693,0.078010,0.118816,-1.449913,-1.331350
3,0.846154,0.594406,1.077482,0.010829,-0.025905,0.243891,0.283225,-0.237617,0.017836,-1.123555,-1.408951
1,0.576923,0.546154,1.278700,0.073083,-0.051824,0.222115,0.248478,-0.641206,0.302179,-0.415022,-0.977820
4,0.884615,0.469900,1.070219,0.033498,-0.001506,0.246983,0.251712,-0.469026,-0.231980,-1.040491,-1.180261
2,0.880000,0.592727,0.968699,-0.025516,-0.010184,0.243312,0.293405,-0.044022,-0.014385,-1.156261,-1.468570
1,0.640000,0.537500,1.316551,0.081977,-0.057953,0.222827,0.255722,-0.688818,0.326433,-0.318742,-1.041231
